2014-03-26T09:21:31.512    73584     18.6102000     77.7508897      0.146      0.249
2014-03-26T09:21:32.442    72072     18.6132066     77.7508246      0.105      0.263
2014-03-26T09:21:33.531    72576     18.6166959     77.7507755      0.137      0.182
2014-03-26T09:21:34.487    68544     18.6197535     77.7507332      0.144      0.224
2014-03-26T09:21:35.548    71064     18.6231220     77.7506628      0.196      0.247
2014-03-26T09:21:36.354    70056     18.6256833     77.7506432      0.140      0.195
2014-03-26T09:21:37.513    75600     18.6293312     77.7505371      0.249      0.145
2014-03-26T09:21:38.498    75096     18.6324286     77.7504900      0.257      0.138
2014-03-26T09:21:39.503    75096     18.6355785     77.7504410      0.240      0.155
2014-03-26T09:21:40.497    74088     18.6386646     77.7503928      0.301      0.219
2014-03-26T09:21:41.502    75600     18.6417717     77.7503424      0.241      0.122
2014-03-26T09:21:42.499    75096     18.6448604     77.7502927      0.269      0.179
2014-03-26T09:21:43.494    74592     18.6479313     77.7502432      0.228      0.164
2014-03-26T09:21:44.495    75096     18.6510165     77.7501919      0.296      0.131
2014-03-26T09:21:45.499    75600     18.6541032     77.7501404      0.227      0.190
2014-03-26T09:21:46.473    74088     18.6570907     77.7500638      0.048      0.096
2014-03-26T09:21:47.427    74088     18.6600029     77.7499724      0.067      0.112
2014-03-26T09:21:48.547    75096     18.6634542     77.7500089      0.079      0.091
2014-03-26T09:21:49.503    74592     18.6663759     77.7499437      0.059      0.067
2014-03-26T09:21:50.496    75096     18.6694156     77.7498907      0.059      0.107
2014-03-26T09:21:51.499    75096     18.6724911     77.7498448      0.096      0.134
2014-03-26T09:21:52.499    75600     18.6755461     77.7498003      0.196      0.202
2014-03-26T09:21:53.494    74592     18.6785726     77.7497544      0.145      0.109
2014-03-26T09:21:54.501    74592     18.6816166     77.7497062      0.200      0.106
2014-03-26T09:21:55.501    75096     18.6846404     77.7496562      0.199      0.098
2014-03-26T09:21:56.502    75600     18.6876773     77.7496159      0.267      0.159
2014-03-26T09:21:57.501    74088     18.6907134     77.7495812      0.285      0.133
2014-03-26T09:21:58.495    75096     18.6937230     77.7495484      0.323      0.134
2014-03-26T09:21:59.498    75600     18.6967565     77.7495219      0.306      0.199
2014-03-26T09:22:00.497    75096     18.6997699     77.7495035      0.319      0.183
2014-03-26T09:22:01.499    75096     18.7027929     77.7494871      0.279      0.180
2014-03-26T09:22:02.498    75096     18.7057960     77.7494699      0.380      0.197
2014-03-26T09:22:03.502    74592     18.7088130     77.7494519      0.230      0.108
2014-03-26T09:22:04.498    74088     18.7118095     77.7494391      0.355      0.199
2014-03-26T09:22:05.495    75096     18.7148035     77.7494282      0.344      0.216
2014-03-26T09:22:06.498    75600     18.7178140     77.7494153      0.252      0.134
2014-03-26T09:22:07.498    74088     18.7208018     77.7494022      0.215      0.110
2014-03-26T09:22:08.500    75600     18.7237985     77.7493902      0.211      0.100
2014-03-26T09:22:09.503    75096     18.7267940     77.7493782      0.199      0.120
2014-03-26T09:22:10.501    74088     18.7297695     77.7493689      0.211      0.135
2014-03-26T09:22:11.501    74088     18.7327477     77.7493632      0.222      0.136
2014-03-26T09:22:12.492    74592     18.7357035     77.7493588      0.267      0.170
2014-03-26T09:22:13.498    74592     18.7387077     77.7493544      0.251      0.151
2014-03-26T09:22:14.501    75096     18.7416974     77.7493486      0.272      0.186
2014-03-26T09:22:15.499    74088     18.7446721     77.7493452      0.283      0.280
2014-03-26T09:22:16.501    75600     18.7476577     77.7493426      0.096      0.228
2014-03-26T09:22:17.493    75096     18.7506072     77.7493156      0.010      0.045
2014-03-26T09:22:18.488    74592     18.7535569     77.7493007      0.024      0.056
2014-03-26T09:22:19.526    73080     18.7566390     77.7493014      0.217      0.217
2014-03-26T09:22:20.482    74592     18.7594876     77.7492900      0.206      0.185
2014-03-26T09:22:21.549    74592     18.7626242     77.7492751      0.187      0.247
2014-03-26T09:22:22.500    75096     18.7653978     77.7493260      0.305      0.228
2014-03-26T09:22:23.460    75096     18.7681987     77.7493478      0.197      0.270
2014-03-26T09:22:24.511    73080     18.7712569     77.7493831      0.176      0.167
2014-03-26T09:22:25.532    74088     18.7742313     77.7493400      0.166      0.146
2014-03-26T09:22:26.497    75600     18.7770392     77.7493033      0.174      0.136
2014-03-26T09:22:27.496    75096     18.7799301     77.7492945      0.182      0.181
2014-03-26T09:22:28.504    74088     18.7828299     77.7492852      0.097      0.162
2014-03-26T09:22:29.499    75096     18.7857006     77.7492879      0.053      0.060
2014-03-26T09:22:30.503    74088     18.7886122     77.7492859      0.232      0.185
2014-03-26T09:22:31.503    75096     18.7915025     77.7492823      0.284      0.135
2014-03-26T09:22:32.492    75096     18.7943431     77.7492852      0.249      0.140
2014-03-26T09:22:33.510    75096     18.7972665     77.7492820      0.234      0.160
2014-03-26T09:22:34.476    75096     18.8000361     77.7492864      0.184      0.147
2014-03-26T09:22:35.481    74592     18.8029060     77.7492827      0.137      0.168
2014-03-26T09:22:36.507    72576     18.8058456     77.7492736      0.069      0.135
2014-03-26T09:22:37.547    75096     18.8088278     77.7492656      0.213      0.208
2014-03-26T09:22:38.503    75096     18.8115610     77.7492745      0.162      0.116
2014-03-26T09:22:39.502    75600     18.8144165     77.7492648      0.126      0.077
2014-03-26T09:22:40.500    75096     18.8172501     77.7492557      0.108      0.057
2014-03-26T09:22:41.495    75096     18.8200739     77.7492478      0.073      0.048
2014-03-26T09:22:42.501    75096     18.8229369     77.7492423      0.086      0.053
2014-03-26T09:22:43.498    75600     18.8257862     77.7492420      0.100      0.131
2014-03-26T09:22:44.503    75096     18.8286593     77.7492204      0.098      0.130
2014-03-26T09:22:45.496    74592     18.8314977     77.7492029      0.153      0.153
2014-03-26T09:22:46.526    74592     18.8344375     77.7492773      0.038      0.064
2014-03-26T09:22:47.431    72072     18.8370263     77.7493795      0.088      0.134
2014-03-26T09:22:48.359    70056     18.8396884     77.7493363      0.067      0.145
2014-03-26T09:22:49.646    71064     18.8433417     77.7493759      0.074      0.133
2014-03-26T09:22:50.520    66528     18.8458267     77.7493708      0.136      0.137
2014-03-26T09:22:51.496    75600     18.8486064     77.7493427      0.169      0.118
2014-03-26T09:22:52.476    75096     18.8513874     77.7493712      0.044      0.138
2014-03-26T09:22:53.546    73584     18.8544275     77.7493606     -0.010      0.023
2014-03-26T09:22:54.416    72072     18.8569011     77.7493774      0.002      0.018
2014-03-26T09:22:55.451    75096     18.8598442     77.7494078     -0.008      0.013
2014-03-26T09:22:56.413    75096     18.8625829     77.7494540     -0.004      0.025
2014-03-26T09:22:57.478    56448     18.8656691     77.7492606      0.004      0.019
2014-03-26T09:22:58.548    73584     18.8687288     77.7493432      0.010      0.029
2014-03-26T09:22:59.537    73584     18.8715361     77.7494299      0.006      0.026
2014-03-26T09:23:00.502    75600     18.8742666     77.7494496      0.002      0.024
2014-03-26T09:23:01.503    75096     18.8770747     77.7494649      0.002      0.016
2014-03-26T09:23:02.493    75096     18.8798420     77.7494824     -0.002      0.017
2014-03-26T09:23:03.493    74088     18.8826449     77.7494994      0.019      0.040
2014-03-26T09:23:04.498    74088     18.8854463     77.7495216      0.013      0.031
2014-03-26T09:23:05.499    74088     18.8882075     77.7495387      0.016      0.195
2014-03-26T09:23:06.503    74592     18.8909770     77.7495539      0.015      0.109
2014-03-26T09:23:07.499    75600     18.8937313     77.7495755      0.015      0.017
2014-03-26T09:23:08.497    74088     18.8964863     77.7495896      0.028      0.035
2014-03-26T09:23:09.481    75600     18.8991899     77.7495940      0.028      0.034
2014-03-26T09:23:10.541    71064     18.9020826     77.7496092      0.025      0.035
2014-03-26T09:23:11.499    75600     18.9046907     77.7496394      0.020      0.037
2014-03-26T09:23:12.500    75600     18.9074145     77.7496606      0.010      0.020
2014-03-26T09:23:13.501    75600     18.9101405     77.7496828      0.004      0.013
2014-03-26T09:23:14.497    74088     18.9128597     77.7497033      0.006      0.019
2014-03-26T09:23:15.498    75096     18.9155651     77.7497261      0.007      0.027
2014-03-26T09:23:16.497    75600     18.9182506     77.7497460      0.009      0.027
2014-03-26T09:23:17.498    75600     18.9209579     77.7497705      0.017      0.035
2014-03-26T09:23:18.499    75096     18.9236916     77.7497976      0.001      0.015
2014-03-26T09:23:19.494    74592     18.9264176     77.7498249      0.022      0.031
2014-03-26T09:23:20.502    75096     18.9292011     77.7498546      0.046      0.032
2014-03-26T09:23:21.501    75600     18.9319715     77.7498869      0.021      0.031
2014-03-26T09:23:22.502    75600     18.9347337     77.7499209      0.017      0.023
2014-03-26T09:23:23.500    75096     18.9374680     77.7499554      0.022      0.032
2014-03-26T09:23:24.496    73080     18.9401983     77.7499913      0.022      0.012
2014-03-26T09:23:25.498    75600     18.9429541     77.7500299     -0.006      0.012
2014-03-26T09:23:26.500    75600     18.9457225     77.7500688      0.012      0.019
2014-03-26T09:23:27.499    73080     18.9484908     77.7501098      0.037      0.012
2014-03-26T09:23:28.500    74592     18.9512708     77.7501531      0.036      0.025
2014-03-26T09:23:29.502    75600     18.9540543     77.7501966      0.024      0.020
2014-03-26T09:23:30.498    73584     18.9568073     77.7502397      0.025      0.010
2014-03-26T09:23:31.474    72072     18.9594958     77.7502878      0.022      0.017
2014-03-26T09:23:32.500    75096     18.9623406     77.7503207      0.028      0.023
2014-03-26T09:23:33.499    74088     18.9651009     77.7503741      0.010      0.009
2014-03-26T09:23:34.499    74592     18.9678433     77.7504180      0.011      0.008
2014-03-26T09:23:35.502    75096     18.9705892     77.7504619      0.012      0.011
2014-03-26T09:23:36.471    57960     18.9732440     77.7505062     -0.003      0.015
2014-03-26T09:23:37.511    74088     18.9760872     77.7505616     -0.006      0.017
2014-03-26T09:23:38.497    74592     18.9787895     77.7506027      0.006      0.007
2014-03-26T09:23:39.495    75096     18.9815199     77.7506521      0.016      0.010
2014-03-26T09:23:40.497    75096     18.9842567     77.7507026      0.033      0.009
2014-03-26T09:23:41.498    75600     18.9869846     77.7507564      0.038      0.014
2014-03-26T09:23:42.503    75600     18.9897229     77.7508088      0.029      0.020
2014-03-26T09:23:43.500    74592     18.9924399     77.7508663      0.021      0.013
2014-03-26T09:23:44.502    74592     18.9951731     77.7509248      0.032      0.023
2014-03-26T09:23:45.495    74088     18.9978721     77.7509838      0.040      0.048
2014-03-26T09:23:46.498    75600     19.0005931     77.7510446      0.043      0.060
2014-03-26T09:23:47.496    75096     19.0032892     77.7511052      0.043      0.025
2014-03-26T09:23:48.500    75600     19.0059899     77.7511663      0.045      0.018
2014-03-26T09:23:49.500    75096     19.0086766     77.7512295      0.030      0.017
2014-03-26T09:23:50.502    74088     19.0113750     77.7512984      0.009      0.020
2014-03-26T09:23:51.502    74592     19.0140827     77.7513676     -0.006      0.015
2014-03-26T09:23:52.496    74592     19.0167870     77.7514335     -0.020      0.015
2014-03-26T09:23:53.501    75096     19.0195324     77.7514881     -0.039      0.013
2014-03-26T09:23:54.498    74088     19.0222581     77.7515419     -0.043      0.011
2014-03-26T09:23:55.500    75600     19.0249956     77.7515940     -0.052      0.018
2014-03-26T09:23:56.501    75600     19.0277230     77.7516423     -0.054      0.015
2014-03-26T09:23:57.502    75600     19.0304448     77.7516845     -0.046      0.014
2014-03-26T09:23:58.498    74592     19.0331523     77.7517207     -0.036      0.010
2014-03-26T09:23:59.497    75600     19.0358638     77.7517512     -0.021      0.016
2014-03-26T09:24:00.498    75600     19.0385741     77.7517828     -0.002      0.015
2014-03-26T09:24:01.499    75600     19.0412736     77.7518162      0.019      0.021
2014-03-26T09:24:02.497    74592     19.0439556     77.7518488      0.078      0.115
2014-03-26T09:24:03.496    74592     19.0466365     77.7518824      0.188      0.114
2014-03-26T09:24:04.504    74592     19.0493452     77.7519164      0.114      0.124
2014-03-26T09:24:05.492    73584     19.0519969     77.7519487      0.191      0.127
2014-03-26T09:24:06.493    74088     19.0546885     77.7519763      0.179      0.141
2014-03-26T09:24:07.496    74592     19.0574021     77.7519922      0.005      0.110
2014-03-26T09:24:08.502    74088     19.0601229     77.7519982     -0.026      0.012
2014-03-26T09:24:09.500    75600     19.0628192     77.7520015     -0.013      0.013
2014-03-26T09:24:10.500    75600     19.0655196     77.7520033     -0.002      0.016
2014-03-26T09:24:11.501    75600     19.0682165     77.7520046      0.016      0.047
2014-03-26T09:24:12.502    75600     19.0709173     77.7520072     -0.000      0.020
2014-03-26T09:24:13.500    75096     19.0736145     77.7520094      0.028      0.060
2014-03-26T09:24:14.495    74592     19.0763071     77.7520141      0.034      0.075
2014-03-26T09:24:15.496    74088     19.0790140     77.7520202      0.118      0.230
2014-03-26T09:24:16.496    74592     19.0817145     77.7520255      0.196      0.290
2014-03-26T09:24:17.502    75096     19.0844387     77.7520310      0.153      0.166
2014-03-26T09:24:18.498    74592     19.0871310     77.7520368      0.106      0.149
2014-03-26T09:24:19.484    74088     19.0897852     77.7520389      0.011      0.014
2014-03-26T09:24:20.499    74592     19.0925172     77.7520527      0.242      0.165
2014-03-26T09:24:21.496    75096     19.0952007     77.7520592      0.217      0.205
2014-03-26T09:24:22.501    75096     19.0979076     77.7520657      0.244      0.204
2014-03-26T09:24:23.499    75600     19.1005933     77.7520747      0.151      0.173
2014-03-26T09:24:24.501    75096     19.1032862     77.7520860      0.047      0.078
2014-03-26T09:24:25.502    74592     19.1059784     77.7520987      0.022      0.013
2014-03-26T09:24:26.505    74088     19.1086779     77.7521120      0.053      0.094
2014-03-26T09:24:27.503    74592     19.1113642     77.7521274      0.023      0.068
2014-03-26T09:24:28.482    75096     19.1139981     77.7521589      0.154      0.188
2014-03-26T09:24:29.513    75096     19.1167672     77.7522002      0.249      0.235
2014-03-26T09:24:30.498    71064     19.1194250     77.7521734      0.230      0.254
2014-03-26T09:24:31.499    73080     19.1221232     77.7522308      0.100      0.165
2014-03-26T09:24:32.549    74088     19.1249683     77.7521860      0.102      0.172
2014-03-26T09:24:33.502    75600     19.1275417     77.7522243      0.238      0.243
2014-03-26T09:24:34.499    75096     19.1302415     77.7522403      0.276      0.210
2014-03-26T09:24:35.494    75096     19.1329367     77.7522554      0.212      0.149
2014-03-26T09:24:36.498    75600     19.1356610     77.7522695      0.228      0.147
2014-03-26T09:24:37.499    75600     19.1383802     77.7522816      0.198      0.143
2014-03-26T09:24:38.500    75600     19.1410993     77.7522962      0.127      0.109
2014-03-26T09:24:39.499    75096     19.1438063     77.7523117      0.156      0.156
2014-03-26T09:24:40.500    73080     19.1465173     77.7523224      0.143      0.226
2014-03-26T09:24:41.501    75096     19.1492290     77.7523308      0.156      0.252
2014-03-26T09:24:42.486    75096     19.1519004     77.7523345      0.315      0.357
2014-03-26T09:24:43.496    75096     19.1546436     77.7523511      0.190      0.249
2014-03-26T09:24:44.495    74592     19.1573561     77.7523608      0.296      0.256
2014-03-26T09:24:45.473    75096     19.1600075     77.7523746      0.158      0.198
2014-03-26T09:24:46.475    74592     19.1627237     77.7524029      0.172      0.178
2014-03-26T09:24:47.570    73584     19.1656925     77.7524141      0.125      0.142
2014-03-26T09:24:48.499    75096     19.1682155     77.7523942      0.230      0.193
2014-03-26T09:24:49.498    75096     19.1709279     77.7524013      0.149      0.108
2014-03-26T09:24:50.498    75600     19.1736378     77.7524089      0.186      0.111
2014-03-26T09:24:51.501    75096     19.1763654     77.7524174      0.189      0.123
2014-03-26T09:24:52.498    75096     19.1790743     77.7524250      0.170      0.115
2014-03-26T09:24:53.498    74592     19.1817741     77.7524302      0.171      0.095
2014-03-26T09:24:54.501    75600     19.1844561     77.7524332      0.200      0.125
2014-03-26T09:24:55.504    75096     19.1871284     77.7524356      0.206      0.122
2014-03-26T09:24:56.500    75096     19.1897792     77.7524369      0.238      0.151
2014-03-26T09:24:57.499    75096     19.1924322     77.7524379      0.211      0.119
2014-03-26T09:24:58.498    75096     19.1950835     77.7524386      0.208      0.118
2014-03-26T09:24:59.498    74592     19.1977338     77.7524413      0.196      0.120
2014-03-26T09:25:00.499    74088     19.2003758     77.7524427      0.211      0.151
2014-03-26T09:25:01.499    74088     19.2030039     77.7524423      0.224      0.160
2014-03-26T09:25:02.502    75600     19.2056396     77.7524413      0.230      0.144
2014-03-26T09:25:03.497    74592     19.2082632     77.7524422      0.213      0.178
2014-03-26T09:25:04.497    75600     19.2108977     77.7524436      0.245      0.182
2014-03-26T09:25:05.498    75600     19.2135288     77.7524467      0.246      0.166
2014-03-26T09:25:06.501    75096     19.2161620     77.7524532      0.234      0.152
2014-03-26T09:25:07.500    75600     19.2187839     77.7524622      0.253      0.170
2014-03-26T09:25:08.505    74088     19.2214194     77.7524747      0.175      0.070
2014-03-26T09:25:09.504    74088     19.2240378     77.7524904      0.303      0.173
2014-03-26T09:25:10.492    75096     19.2266331     77.7525123      0.358      0.250
2014-03-26T09:25:11.482    73584     19.2292331     77.7525711      0.285      0.263
2014-03-26T09:25:12.552    73584     19.2320597     77.7525103      0.238      0.167
2014-03-26T09:25:13.498    75096     19.2345476     77.7525547      0.183      0.132
2014-03-26T09:25:14.501    74592     19.2371859     77.7525720      0.177      0.133
2014-03-26T09:25:15.498    74592     19.2398081     77.7525926      0.164      0.088
2014-03-26T09:25:16.502    75600     19.2424476     77.7526158      0.124      0.102
2014-03-26T09:25:17.496    74088     19.2450606     77.7526365      0.067      0.021
2014-03-26T09:25:18.497    75600     19.2476970     77.7526536      0.072      0.020
2014-03-26T09:25:19.499    75096     19.2503435     77.7526669      0.072      0.020
2014-03-26T09:25:20.499    75600     19.2529873     77.7526766      0.085      0.041
2014-03-26T09:25:21.502    75096     19.2556431     77.7526830      0.125      0.056
2014-03-26T09:25:22.501    75600     19.2582880     77.7526853      0.099      0.050
2014-03-26T09:25:23.502    75096     19.2609450     77.7526869      0.063      0.027
2014-03-26T09:25:24.502    74088     19.2636081     77.7526828      0.133      0.093
2014-03-26T09:25:25.354    72576     19.2658753     77.7526626      0.227      0.181
2014-03-26T09:25:26.473    63504     19.2688486     77.7526530      0.010      0.018
2014-03-26T09:25:27.468    63000     19.2714843     77.7526226      0.000      0.018
2014-03-26T09:25:28.721    53424     19.2748173     77.7527037      0.087      0.136
2014-03-26T09:25:29.513    74592     19.2768963     77.7526120      0.173      0.204
2014-03-26T09:25:30.501    75600     19.2794992     77.7525755      0.124      0.120
2014-03-26T09:25:31.498    74592     19.2821075     77.7525407      0.076      0.070
2014-03-26T09:25:32.496    75096     19.2847047     77.7525032      0.078      0.045
2014-03-26T09:25:33.498    75600     19.2873124     77.7524666      0.146      0.082
2014-03-26T09:25:34.499    74592     19.2899279     77.7524290      0.180      0.103
2014-03-26T09:25:35.499    75600     19.2925450     77.7523905      0.146      0.083
2014-03-26T09:25:36.503    75096     19.2951683     77.7523530      0.198      0.168
2014-03-26T09:25:37.500    75096     19.2977717     77.7523191      0.232      0.147
2014-03-26T09:25:38.504    75096     19.3003764     77.7522858      0.247      0.154
2014-03-26T09:25:39.502    74592     19.3029654     77.7522528      0.089      0.047
2014-03-26T09:25:40.497    75600     19.3055631     77.7522175      0.070      0.047
2014-03-26T09:25:41.500    74592     19.3081899     77.7521820      0.084      0.074
2014-03-26T09:25:42.496    74088     19.3107569     77.7521455      0.053      0.046
2014-03-26T09:25:43.497    75096     19.3133476     77.7521098      0.046      0.011
2014-03-26T09:25:44.501    75600     19.3159644     77.7520741      0.044      0.011
2014-03-26T09:25:45.502    75600     19.3185698     77.7520358      0.114      0.094
2014-03-26T09:25:46.500    75096     19.3211675     77.7519977      0.175      0.109
2014-03-26T09:25:47.500    75096     19.3237834     77.7519611      0.151      0.078
2014-03-26T09:25:48.498    75096     19.3264044     77.7519242      0.180      0.104
2014-03-26T09:25:49.493    74088     19.3290234     77.7518861      0.114      0.067
2014-03-26T09:25:50.493    74088     19.3316424     77.7518460      0.103      0.028
2014-03-26T09:25:51.501    75096     19.3342982     77.7518061      0.116      0.073
2014-03-26T09:25:52.505    74592     19.3369631     77.7517655      0.077      0.020
2014-03-26T09:25:53.500    75096     19.3396055     77.7517202      0.090      0.018
2014-03-26T09:25:54.497    75600     19.3422769     77.7516788      0.104      0.025
2014-03-26T09:25:55.501    74592     19.3449677     77.7516432      0.109      0.036
2014-03-26T09:25:56.495    74592     19.3476282     77.7516125      0.117      0.069
2014-03-26T09:25:57.498    75096     19.3503184     77.7515880      0.176      0.089
2014-03-26T09:25:58.501    75600     19.3530138     77.7515701      0.150      0.088
2014-03-26T09:25:59.505    74592     19.3557114     77.7515556      0.098      0.045
2014-03-26T09:26:00.497    74088     19.3583837     77.7515423      0.110      0.047
2014-03-26T09:26:01.497    75600     19.3610809     77.7515304      0.138      0.075
2014-03-26T09:26:02.500    73584     19.3637864     77.7515216      0.130      0.079
2014-03-26T09:26:03.499    75600     19.3664848     77.7515144      0.196      0.094
2014-03-26T09:26:04.499    75096     19.3691866     77.7515075      0.198      0.111
2014-03-26T09:26:05.501    75600     19.3718855     77.7515007      0.170      0.090
2014-03-26T09:26:06.502    75096     19.3745867     77.7514960      0.219      0.145
2014-03-26T09:26:07.499    75096     19.3772869     77.7514938      0.156      0.099
2014-03-26T09:26:08.497    75096     19.3799959     77.7514918      0.179      0.118
2014-03-26T09:26:09.499    74592     19.3827085     77.7514894      0.073      0.094
2014-03-26T09:26:10.501    75096     19.3854145     77.7514871      0.023      0.013
2014-03-26T09:26:11.499    74088     19.3881104     77.7514850      0.015      0.024
2014-03-26T09:26:12.502    75096     19.3908165     77.7514830      0.017      0.012
2014-03-26T09:26:13.504    75096     19.3935190     77.7514818      0.097      0.164
2014-03-26T09:26:14.499    74088     19.3961935     77.7514806      0.069      0.163
2014-03-26T09:26:15.497    75600     19.3988717     77.7514795      0.272      0.269
2014-03-26T09:26:16.498    74592     19.4015521     77.7514783      0.230      0.278
2014-03-26T09:26:17.499    75600     19.4042297     77.7514777      0.270      0.292
2014-03-26T09:26:18.499    74592     19.4069080     77.7514776      0.194      0.166
2014-03-26T09:26:19.501    75096     19.4095905     77.7514778      0.342      0.238
2014-03-26T09:26:20.496    74088     19.4122577     77.7514781      0.175      0.207
2014-03-26T09:26:21.502    75600     19.4149543     77.7514784      0.159      0.132
2014-03-26T09:26:22.500    75096     19.4176173     77.7514799      0.127      0.113
2014-03-26T09:26:23.500    75096     19.4202769     77.7514830      0.117      0.088
2014-03-26T09:26:24.499    74592     19.4229295     77.7514867      0.175      0.112
2014-03-26T09:26:25.499    75600     19.4255823     77.7514899      0.199      0.116
2014-03-26T09:26:26.424    75600     19.4280343     77.7515546      0.159      0.165
2014-03-26T09:26:27.494    73584     19.4308893     77.7514865      0.000      0.010
2014-03-26T09:26:28.612    74088     19.4338757     77.7514677      0.204      0.232
2014-03-26T09:26:29.500    75096     19.4362375     77.7515157      0.168      0.157
2014-03-26T09:26:30.498    75096     19.4388867     77.7515219      0.073      0.188
2014-03-26T09:26:31.500    75096     19.4415383     77.7515265      0.056      0.128
2014-03-26T09:26:32.499    75600     19.4441831     77.7515313      0.062      0.130
2014-03-26T09:26:33.498    74592     19.4468243     77.7515342      0.076      0.167
2014-03-26T09:26:34.499    75096     19.4494656     77.7515354      0.095      0.186
2014-03-26T09:26:35.500    74592     19.4521044     77.7515352      0.249      0.196
2014-03-26T09:26:36.500    75096     19.4547321     77.7515335      0.283      0.199
2014-03-26T09:26:37.500    74592     19.4573582     77.7515301      0.205      0.167
2014-03-26T09:26:38.499    74592     19.4599797     77.7515262      0.313      0.161
2014-03-26T09:26:39.501    75096     19.4626110     77.7515225      0.268      0.211
2014-03-26T09:26:40.500    75600     19.4652325     77.7515197      0.258      0.182
2014-03-26T09:26:41.504    75096     19.4678665     77.7515179      0.283      0.175
2014-03-26T09:26:42.504    75096     19.4704893     77.7515158      0.312      0.154
2014-03-26T09:26:43.499    75096     19.4730990     77.7515150      0.221      0.142
2014-03-26T09:26:44.491    74592     19.4756929     77.7515157      0.228      0.117
2014-03-26T09:26:45.498    75600     19.4783240     77.7515171      0.194      0.086
2014-03-26T09:26:46.501    74592     19.4809391     77.7515185      0.257      0.159
2014-03-26T09:26:47.499    75096     19.4835352     77.7515206      0.335      0.153
2014-03-26T09:26:48.498    75096     19.4861297     77.7515243      0.311      0.156
2014-03-26T09:26:49.503    74592     19.4887362     77.7515300      0.368      0.165
2014-03-26T09:26:50.499    74592     19.4913221     77.7515389      0.340      0.178
2014-03-26T09:26:51.497    75096     19.4939098     77.7515493      0.324      0.133
2014-03-26T09:26:52.495    75096     19.4964901     77.7515602      0.318      0.182
2014-03-26T09:26:53.499    75600     19.4990881     77.7515728      0.264      0.146
2014-03-26T09:26:54.504    74592     19.5016917     77.7515872      0.267      0.170
2014-03-26T09:26:55.505    74592     19.5042807     77.7516038      0.258      0.160
2014-03-26T09:26:56.504    74592     19.5068604     77.7516210      0.262      0.220
2014-03-26T09:26:57.498    74088     19.5094268     77.7516389      0.192      0.128
2014-03-26T09:26:58.497    75600     19.5120034     77.7516591      0.223      0.171
2014-03-26T09:26:59.496    74592     19.5145838     77.7516813      0.296      0.207
2014-03-26T09:27:00.500    74592     19.5171812     77.7517050      0.256      0.186
2014-03-26T09:27:01.503    75096     19.5197824     77.7517304      0.266      0.207
2014-03-26T09:27:02.500    75096     19.5223778     77.7517571      0.401      0.285
2014-03-26T09:27:03.504    75096     19.5249979     77.7517851      0.582      0.350
2014-03-26T09:27:04.500    75096     19.5276004     77.7518149      0.432      0.296
2014-03-26T09:27:05.500    75096     19.5302160     77.7518462      0.318      0.224
2014-03-26T09:27:06.497    75096     19.5328155     77.7518806      0.291      0.179
2014-03-26T09:27:07.499    75600     19.5354195     77.7519174      0.254      0.202
2014-03-26T09:27:08.496    74592     19.5380127     77.7519538      0.186      0.169
2014-03-26T09:27:09.500    75600     19.5406275     77.7519893      0.220      0.134
2014-03-26T09:27:10.500    75096     19.5432371     77.7520244      0.308      0.250
2014-03-26T09:27:11.502    75600     19.5458641     77.7520584      0.318      0.237
2014-03-26T09:27:12.505    74088     19.5485027     77.7520897      0.335      0.211
2014-03-26T09:27:13.497    75600     19.5511155     77.7521156      0.311      0.231
2014-03-26T09:27:14.498    75600     19.5537474     77.7521359      0.300      0.224
2014-03-26T09:27:15.498    75096     19.5563740     77.7521525      0.206      0.192
2014-03-26T09:27:16.505    74592     19.5590138     77.7521667      0.219      0.161
2014-03-26T09:27:17.501    75096     19.5616226     77.7521784      0.250      0.176
2014-03-26T09:27:18.505    75096     19.5642501     77.7521880      0.334      0.225
2014-03-26T09:27:19.499    73080     19.5668554     77.7521946      0.599      0.469
2014-03-26T09:27:20.497    75096     19.5694744     77.7522017      0.282      0.265
2014-03-26T09:27:21.497    75096     19.5720982     77.7522095      0.078      0.133
2014-03-26T09:27:22.498    74088     19.5747161     77.7522192      0.259      0.215
2014-03-26T09:27:23.500    75600     19.5773303     77.7522288      0.224      0.194
2014-03-26T09:27:24.501    74088     19.5799477     77.7522378      0.219      0.191
2014-03-26T09:27:25.498    74592     19.5825635     77.7522465      0.199      0.129
2014-03-26T09:27:26.500    75096     19.5851960     77.7522554      0.245      0.141
2014-03-26T09:27:27.496    75096     19.5878101     77.7522644      0.153      0.151
2014-03-26T09:27:28.498    75600     19.5904345     77.7522731      0.188      0.075
2014-03-26T09:27:29.499    75600     19.5930528     77.7522806      0.200      0.067
2014-03-26T09:27:30.500    75600     19.5956672     77.7522869      0.236      0.082
2014-03-26T09:27:31.501    75600     19.5982772     77.7522928      0.289      0.215
2014-03-26T09:27:32.505    75096     19.6008906     77.7523001      0.235      0.129
2014-03-26T09:27:33.496    74592     19.6034701     77.7523072      0.224      0.061
2014-03-26T09:27:34.502    74592     19.6060835     77.7523144      0.298      0.176
2014-03-26T09:27:35.498    75096     19.6086726     77.7523214      0.316      0.251
2014-03-26T09:27:36.499    74592     19.6112751     77.7523293      0.274      0.250
2014-03-26T09:27:37.497    74088     19.6138724     77.7523378      0.212      0.126
2014-03-26T09:27:38.501    75096     19.6164873     77.7523468      0.236      0.160
2014-03-26T09:27:39.502    75600     19.6190967     77.7523559      0.109      0.114
2014-03-26T09:27:40.499    75096     19.6217040     77.7523661      0.244      0.185
2014-03-26T09:27:41.497    75600     19.6243182     77.7523781      0.201      0.227
2014-03-26T09:27:42.497    75096     19.6269434     77.7523903      0.217      0.151
2014-03-26T09:27:43.499    75600     19.6295707     77.7524025      0.195      0.102
2014-03-26T09:27:44.502    75096     19.6322042     77.7524150      0.146      0.120
2014-03-26T09:27:45.500    75600     19.6348260     77.7524269      0.247      0.152
2014-03-26T09:27:46.501    75600     19.6374590     77.7524395      0.251      0.128
2014-03-26T09:27:47.499    75096     19.6400872     77.7524514      0.176      0.154
2014-03-26T09:27:48.499    74088     19.6427258     77.7524645      0.258      0.111
2014-03-26T09:27:49.495    75096     19.6453504     77.7524779      0.246      0.204
2014-03-26T09:27:50.498    75096     19.6479945     77.7524911      0.326      0.237
2014-03-26T09:27:51.497    74592     19.6506313     77.7525049      0.284      0.140
2014-03-26T09:27:52.500    75600     19.6532773     77.7525194      0.283      0.139
2014-03-26T09:27:53.499    74592     19.6559163     77.7525347      0.098      0.112
2014-03-26T09:27:54.502    75600     19.6585684     77.7525511      0.290      0.204
2014-03-26T09:27:55.503    74592     19.6612175     77.7525685      0.101      0.103
2014-03-26T09:27:56.500    75096     19.6638603     77.7525868      0.077      0.102
2014-03-26T09:27:57.500    75096     19.6665118     77.7526056      0.211      0.177
2014-03-26T09:27:58.499    75096     19.6691678     77.7526253      0.212      0.147
2014-03-26T09:27:59.498    75096     19.6718269     77.7526474      0.133      0.174
2014-03-26T09:28:00.494    75096     19.6744783     77.7526757      0.056      0.123
2014-03-26T09:28:01.383    64008     19.6768254     77.7527882      0.096      0.139
2014-03-26T09:28:02.431    73584     19.6796282     77.7527773      0.018      0.060
2014-03-26T09:28:03.633    72576     19.6828573     77.7526982      0.035      0.132
2014-03-26T09:28:04.560    74088     19.6853311     77.7527007      0.251      0.160
2014-03-26T09:28:05.505    74592     19.6878216     77.7528152      0.297      0.221
2014-03-26T09:28:06.501    75096     19.6904697     77.7528513      0.267      0.227
2014-03-26T09:28:07.504    74592     19.6931327     77.7528903      0.189      0.168
2014-03-26T09:28:08.502    75600     19.6957722     77.7529342      0.253      0.093
2014-03-26T09:28:09.500    75096     19.6983985     77.7529837      0.176      0.132
2014-03-26T09:28:10.497    75600     19.7010217     77.7530354      0.131      0.108
2014-03-26T09:28:11.496    75096     19.7036693     77.7530875      0.151      0.161
2014-03-26T09:28:12.499    75600     19.7063587     77.7531400      0.178      0.160
2014-03-26T09:28:13.500    75600     19.7090329     77.7531881      0.078      0.138
2014-03-26T09:28:14.508    74088     19.7117005     77.7532306      0.235      0.174
2014-03-26T09:28:15.502    75096     19.7143244     77.7532627      0.126      0.172
2014-03-26T09:28:16.499    75096     19.7169510     77.7532862      0.078      0.133
2014-03-26T09:28:17.495    75096     19.7195615     77.7532989      0.111      0.181
2014-03-26T09:28:18.498    75600     19.7221769     77.7532989      0.109      0.165
2014-03-26T09:28:19.500    75096     19.7247789     77.7532810      0.174      0.116
2014-03-26T09:28:20.503    75096     19.7273713     77.7532543      0.173      0.047
2014-03-26T09:28:21.501    75600     19.7299424     77.7532206      0.195      0.060
2014-03-26T09:28:22.502    75096     19.7325119     77.7531787      0.218      0.058
2014-03-26T09:28:23.501    74592     19.7350714     77.7531314      0.247      0.055
2014-03-26T09:28:24.506    73584     19.7376448     77.7530853      0.207      0.049
2014-03-26T09:28:25.496    74592     19.7401833     77.7530423      0.240      0.059
2014-03-26T09:28:26.499    75600     19.7427513     77.7529993      0.220      0.086
2014-03-26T09:28:27.495    74592     19.7452962     77.7529573      0.194      0.129
2014-03-26T09:28:28.498    75096     19.7478566     77.7529171      0.283      0.055
2014-03-26T09:28:29.499    75096     19.7504137     77.7528792      0.259      0.126
2014-03-26T09:28:30.499    75096     19.7529690     77.7528408      0.197      0.165
2014-03-26T09:28:31.497    75600     19.7555194     77.7528022      0.222      0.177
2014-03-26T09:28:32.501    74592     19.7580915     77.7527646      0.311      0.186
2014-03-26T09:28:33.503    74592     19.7606641     77.7527289      0.261      0.199
2014-03-26T09:28:34.500    75096     19.7632214     77.7526948      0.257      0.159
2014-03-26T09:28:35.501    74088     19.7657913     77.7526625      0.136      0.090
2014-03-26T09:28:36.499    75096     19.7683568     77.7526313      0.235      0.182
2014-03-26T09:28:37.500    74592     19.7709401     77.7526004      0.170      0.118
2014-03-26T09:28:38.500    75096     19.7735198     77.7525737      0.298      0.216
2014-03-26T09:28:39.498    75096     19.7761002     77.7525496      0.187      0.116
2014-03-26T09:28:40.498    74592     19.7786870     77.7525254      0.245      0.237
2014-03-26T09:28:41.498    74088     19.7812846     77.7524950      0.225      0.221
2014-03-26T09:28:42.503    75096     19.7839042     77.7524550      0.247      0.156
2014-03-26T09:28:43.501    73584     19.7864997     77.7524056      0.295      0.181
2014-03-26T09:28:44.502    75600     19.7890990     77.7523504      0.237      0.202
2014-03-26T09:28:45.500    75096     19.7916939     77.7522933      0.216      0.164
2014-03-26T09:28:46.496    74592     19.7942926     77.7522373      0.255      0.169
2014-03-26T09:28:47.498    75600     19.7969188     77.7521817      0.288      0.178
2014-03-26T09:28:48.497    74592     19.7995244     77.7521275      0.305      0.250
2014-03-26T09:28:49.500    75600     19.8021264     77.7520750      0.227      0.185
2014-03-26T09:28:50.504    75096     19.8047236     77.7520240      0.162      0.097
2014-03-26T09:28:51.502    75600     19.8073019     77.7519733      0.253      0.124
2014-03-26T09:28:52.499    73584     19.8098743     77.7519222      0.328      0.093
2014-03-26T09:28:53.497    75600     19.8124458     77.7518711      0.312      0.074
2014-03-26T09:28:54.498    75600     19.8150214     77.7518207      0.305      0.102
2014-03-26T09:28:55.499    75600     19.8175964     77.7517723      0.315      0.114
2014-03-26T09:28:56.500    75096     19.8201639     77.7517241      0.298      0.174
2014-03-26T09:28:57.501    75600     19.8227297     77.7516751      0.189      0.168
2014-03-26T09:28:58.498    74592     19.8252780     77.7516260      0.239      0.163
2014-03-26T09:28:59.500    74592     19.8278303     77.7515775      0.304      0.213
2014-03-26T09:29:00.494    75096     19.8303558     77.7515306      0.287      0.200
2014-03-26T09:29:01.498    75600     19.8329065     77.7514850      0.257      0.208
2014-03-26T09:29:02.500    75096     19.8354520     77.7514399      0.315      0.228
2014-03-26T09:29:03.499    74088     19.8379972     77.7513954      0.308      0.224
2014-03-26T09:29:04.507    73584     19.8405723     77.7513517      0.422      0.187
2014-03-26T09:29:05.502    75600     19.8431153     77.7513092      0.229      0.150
2014-03-26T09:29:06.499    75096     19.8456650     77.7512670      0.237      0.179
2014-03-26T09:29:07.495    75096     19.8482077     77.7512259      0.318      0.249
2014-03-26T09:29:08.501    75096     19.8507754     77.7511846      0.211      0.194
2014-03-26T09:29:09.499    75600     19.8533207     77.7511438      0.254      0.196
2014-03-26T09:29:10.500    75096     19.8558725     77.7511028      0.260      0.243
2014-03-26T09:29:11.499    75096     19.8584182     77.7510609      0.452      0.238
2014-03-26T09:29:12.501    75096     19.8609701     77.7510178      0.263      0.091
2014-03-26T09:29:13.499    75096     19.8635124     77.7509743      0.373      0.233
2014-03-26T09:29:14.497    75600     19.8660575     77.7509322      0.257      0.159
2014-03-26T09:29:15.499    75096     19.8686157     77.7508893      0.276      0.135
2014-03-26T09:29:16.499    75096     19.8711647     77.7508459      0.483      0.202
2014-03-26T09:29:17.497    75096     19.8737152     77.7508038      0.360      0.226
2014-03-26T09:29:18.500    75600     19.8762775     77.7507634      0.336      0.206
2014-03-26T09:29:19.499    74592     19.8788286     77.7507241      0.234      0.146
2014-03-26T09:29:20.499    75096     19.8813826     77.7506852      0.205      0.146
2014-03-26T09:29:21.500    75096     19.8839356     77.7506455      0.221      0.181
2014-03-26T09:29:22.501    75096     19.8864883     77.7506038      0.325      0.158
2014-03-26T09:29:23.495    75096     19.8890302     77.7505632      0.344      0.213
2014-03-26T09:29:24.499    75600     19.8916009     77.7505224      0.329      0.221
2014-03-26T09:29:25.496    74088     19.8941572     77.7504826      0.259      0.190
2014-03-26T09:29:26.501    75096     19.8967379     77.7504427      0.202      0.162
2014-03-26T09:29:27.502    75600     19.8993098     77.7504031      0.262      0.232
2014-03-26T09:29:28.492    73584     19.9018537     77.7503641      0.191      0.180
2014-03-26T09:29:29.497    75600     19.9044410     77.7503249      0.220      0.213
2014-03-26T09:29:30.498    75600     19.9070203     77.7502860      0.278      0.227
2014-03-26T09:29:31.500    75096     19.9096010     77.7502459      0.220      0.150
2014-03-26T09:29:32.500    75600     19.9121732     77.7502062      0.210      0.171
2014-03-26T09:29:33.498    75096     19.9147359     77.7501669      0.199      0.150
2014-03-26T09:29:34.502    75600     19.9173143     77.7501275      0.121      0.106
2014-03-26T09:29:35.497    75096     19.9198673     77.7500855      0.242      0.208
2014-03-26T09:29:36.322    68040     19.9219564     77.7499514      0.225      0.198
2014-03-26T09:29:37.515    58464     19.9250477     77.7500045      0.015      0.008
2014-03-26T09:29:38.574    59472     19.9277717     77.7499916      0.013      0.047
2014-03-26T09:29:39.566    54432     19.9303490     77.7500805      0.020      0.038
2014-03-26T09:29:40.551    73080     19.9328470     77.7499766      0.142      0.178
2014-03-26T09:29:41.509    75096     19.9352650     77.7498616      0.122      0.192
2014-03-26T09:29:42.510    75096     19.9378279     77.7498663      0.045      0.111
2014-03-26T09:29:43.508    74088     19.9403410     77.7497284      0.000      0.053
2014-03-26T09:29:44.501    75096     19.9428904     77.7497481      0.005      0.019
2014-03-26T09:29:45.500    75096     19.9454421     77.7497107      0.033      0.023
2014-03-26T09:29:46.501    75096     19.9480056     77.7496724      0.051      0.015
2014-03-26T09:29:47.499    75096     19.9505634     77.7496345      0.045      0.011
2014-03-26T09:29:48.501    74592     19.9531359     77.7495958      0.031      0.010
2014-03-26T09:29:49.503    74592     19.9557132     77.7495549      0.021      0.017
2014-03-26T09:29:50.499    75096     19.9582859     77.7495115      0.027      0.035
2014-03-26T09:29:51.501    75096     19.9608696     77.7494653     -0.002      0.010
2014-03-26T09:29:52.496    74592     19.9634321     77.7494170      0.002      0.011
2014-03-26T09:29:53.500    75600     19.9660106     77.7493667      0.016      0.014
2014-03-26T09:29:54.501    75600     19.9685789     77.7493144      0.030      0.017
2014-03-26T09:29:55.501    75096     19.9711429     77.7492596      0.032      0.012
2014-03-26T09:29:56.501    74592     19.9737027     77.7492029      0.044      0.021
2014-03-26T09:29:57.497    75600     19.9762523     77.7491452      0.067      0.029
2014-03-26T09:29:58.498    75600     19.9788166     77.7490860      0.062      0.015
2014-03-26T09:29:59.501    74592     19.9813909     77.7490240      0.058      0.020
2014-03-26T09:30:00.500    75600     19.9839561     77.7489597      0.036      0.047
2014-03-26T09:30:01.503    75096     19.9865377     77.7488929      0.028      0.008
2014-03-26T09:30:02.504    75096     19.9891125     77.7488248      0.033      0.009
2014-03-26T09:30:03.497    74592     19.9916724     77.7487547      0.028      0.009
2014-03-26T09:30:04.497    75600     19.9942490     77.7486807      0.020      0.015
2014-03-26T09:30:05.500    75096     19.9968383     77.7486025      0.020      0.017
2014-03-26T09:30:06.499    75600     19.9994128     77.7485227      0.023      0.018
2014-03-26T09:30:07.501    75096     20.0019895     77.7484421      0.036      0.017
2014-03-26T09:30:08.504    74592     20.0045618     77.7483654      0.061      0.021
2014-03-26T09:30:09.501    75600     20.0071237     77.7482982      0.073      0.015
2014-03-26T09:30:10.504    75096     20.0097099     77.7482382      0.083      0.018
2014-03-26T09:30:11.497    74088     20.0122888     77.7481841      0.097      0.013
2014-03-26T09:30:12.494    74592     20.0148873     77.7481352      0.083      0.012
2014-03-26T09:30:13.501    75096     20.0174930     77.7480914      0.062      0.019
2014-03-26T09:30:14.502    75600     20.0200719     77.7480569      0.054      0.022
2014-03-26T09:30:15.500    75600     20.0226339     77.7480193      0.042      0.026
2014-03-26T09:30:16.501    74592     20.0251964     77.7479882      0.039      0.045
2014-03-26T09:30:17.503    75096     20.0277558     77.7479607      0.053      0.066
2014-03-26T09:30:18.500    75096     20.0302965     77.7479361      0.088      0.124
2014-03-26T09:30:19.497    75600     20.0328406     77.7479144      0.203      0.157
2014-03-26T09:30:20.496    75096     20.0353956     77.7478936      0.147      0.137
2014-03-26T09:30:21.499    75600     20.0379783     77.7478715      0.086      0.134
2014-03-26T09:30:22.500    75600     20.0405505     77.7478530      0.025      0.087
2014-03-26T09:30:23.458    67536     20.0430003     77.7478115     -0.013      0.027
2014-03-26T09:30:24.536    75600     20.0457501     77.7478424      0.033      0.023
2014-03-26T09:30:25.500    75096     20.0482039     77.7478029      0.060      0.014
2014-03-26T09:30:26.499    74592     20.0507392     77.7477908      0.041      0.022
2014-03-26T09:30:27.499    75096     20.0532717     77.7477785      0.031      0.015
2014-03-26T09:30:28.500    75096     20.0558110     77.7477641      0.035      0.062
2014-03-26T09:30:29.498    75096     20.0583419     77.7477511      0.005      0.025
2014-03-26T09:30:30.499    75096     20.0608696     77.7477402      0.063      0.134
2014-03-26T09:30:31.503    74592     20.0634066     77.7477309      0.111      0.163
2014-03-26T09:30:32.497    74592     20.0659161     77.7477243      0.188      0.197
2014-03-26T09:30:33.497    74088     20.0684485     77.7477223      0.058      0.103
2014-03-26T09:30:34.494    74592     20.0709835     77.7477218      0.013      0.027
2014-03-26T09:30:35.492    75600     20.0735240     77.7477215      0.010      0.017
2014-03-26T09:30:36.506    73584     20.0760999     77.7477487      0.028      0.028
2014-03-26T09:30:37.500    75600     20.0786287     77.7477513      0.062      0.128
2014-03-26T09:30:38.498    74088     20.0811736     77.7477300      0.249      0.203
2014-03-26T09:30:39.492    74088     20.0837171     77.7477248      0.304      0.192
2014-03-26T09:30:40.500    73584     20.0863001     77.7477429      0.292      0.179
2014-03-26T09:30:41.498    75600     20.0888514     77.7477542      0.082      0.049
2014-03-26T09:30:42.486    75600     20.0913694     77.7477626      0.052      0.077
2014-03-26T09:30:43.545    70560     20.0940654     77.7477592      0.123      0.166
2014-03-26T09:30:44.504    75600     20.0965046     77.7477974      0.230      0.194
2014-03-26T09:30:45.511    73080     20.0990628     77.7477957      0.177      0.167
2014-03-26T09:30:46.499    75096     20.1015700     77.7477912      0.097      0.111
2014-03-26T09:30:47.479    74088     20.1040583     77.7478182      0.103      0.125
2014-03-26T09:30:48.499    75600     20.1066638     77.7478197      0.084      0.071
2014-03-26T09:30:49.499    75096     20.1092406     77.7478263      0.214      0.156
2014-03-26T09:30:50.491    74592     20.1118195     77.7478048      0.178      0.187
2014-03-26T09:30:51.497    75600     20.1144185     77.7478471      0.159      0.161
2014-03-26T09:30:52.493    73584     20.1169857     77.7478510      0.075      0.102
2014-03-26T09:30:53.499    75096     20.1195456     77.7478411      0.204      0.195
2014-03-26T09:30:54.500    74592     20.1220933     77.7478238      0.169      0.172
2014-03-26T09:30:55.498    75600     20.1246343     77.7478236      0.164      0.166
2014-03-26T09:30:56.498    75600     20.1271811     77.7478238      0.120      0.112
2014-03-26T09:30:57.501    75096     20.1297426     77.7478252      0.143      0.109
2014-03-26T09:30:58.500    74592     20.1323067     77.7478349      0.111      0.109
2014-03-26T09:30:59.501    75600     20.1348796     77.7478506      0.104      0.084
2014-03-26T09:31:00.505    75096     20.1374583     77.7478718      0.095      0.079
2014-03-26T09:31:01.500    75096     20.1400089     77.7478978      0.048      0.041
2014-03-26T09:31:02.494    75096     20.1425545     77.7479317      0.040      0.028
2014-03-26T09:31:03.498    75600     20.1451179     77.7479692      0.064      0.056
2014-03-26T09:31:04.499    75096     20.1476714     77.7480059      0.064      0.058
2014-03-26T09:31:05.499    74592     20.1502186     77.7480412      0.061      0.031
2014-03-26T09:31:06.503    74592     20.1527787     77.7480741      0.051      0.016
2014-03-26T09:31:07.500    74592     20.1553163     77.7481074      0.045      0.010
2014-03-26T09:31:08.500    75096     20.1578673     77.7481440      0.048      0.011
2014-03-26T09:31:09.495    74592     20.1604142     77.7481828      0.060      0.015
2014-03-26T09:31:10.498    75600     20.1629888     77.7482238      0.074      0.015
2014-03-26T09:31:11.501    75096     20.1655649     77.7482667      0.068      0.009
2014-03-26T09:31:12.498    75096     20.1681248     77.7483107      0.064      0.012
2014-03-26T09:31:13.501    75600     20.1707084     77.7483583      0.060      0.019
2014-03-26T09:31:14.503    74592     20.1732972     77.7484090      0.038      0.013
2014-03-26T09:31:15.500    74592     20.1758598     77.7484593      0.035      0.020
2014-03-26T09:31:16.500    75096     20.1784164     77.7485122      0.027      0.023
2014-03-26T09:31:17.497    75096     20.1809592     77.7485697      0.013      0.028
2014-03-26T09:31:18.504    73584     20.1835298     77.7486260     -0.006      0.012
2014-03-26T09:31:19.505    74592     20.1860928     77.7486748     -0.007      0.014
2014-03-26T09:31:20.501    75600     20.1886518     77.7487136     -0.008      0.014
2014-03-26T09:31:21.502    75600     20.1912261     77.7487482     -0.015      0.013
2014-03-26T09:31:22.502    74592     20.1937977     77.7487819     -0.011      0.014
2014-03-26T09:31:23.497    75600     20.1963544     77.7488154     -0.002      0.011
2014-03-26T09:31:24.497    75096     20.1989265     77.7488495      0.008      0.013
2014-03-26T09:31:25.501    75096     20.2015062     77.7488828      0.014      0.019
2014-03-26T09:31:26.498    75096     20.2040665     77.7489121      0.020      0.016
2014-03-26T09:31:27.500    75096     20.2066344     77.7489397      0.020      0.010
2014-03-26T09:31:28.500    75096     20.2091959     77.7489670      0.020      0.010
2014-03-26T09:31:29.502    74592     20.2117586     77.7489909      0.031      0.020
2014-03-26T09:31:30.492    74592     20.2142821     77.7490099      0.037      0.017
2014-03-26T09:31:31.495    75096     20.2168303     77.7490269      0.022      0.013
2014-03-26T09:31:32.497    75096     20.2193746     77.7490434      0.013      0.011
2014-03-26T09:31:33.500    75600     20.2219077     77.7490610      0.023      0.010
2014-03-26T09:31:34.499    74088     20.2244158     77.7490775      0.038      0.011
2014-03-26T09:31:35.502    75096     20.2269409     77.7490936      0.050      0.010
2014-03-26T09:31:36.500    75096     20.2294645     77.7491107      0.053      0.012
2014-03-26T09:31:37.500    75096     20.2320082     77.7491275      0.060      0.014
2014-03-26T09:31:38.497    75600     20.2345497     77.7491427      0.059      0.010
2014-03-26T09:31:39.495    74592     20.2370886     77.7491569      0.051      0.011
2014-03-26T09:31:40.500    74592     20.2396362     77.7491701      0.049      0.009
2014-03-26T09:31:41.497    74592     20.2421620     77.7491829      0.065      0.026
2014-03-26T09:31:42.498    75096     20.2447135     77.7491951      0.085      0.047
2014-03-26T09:31:43.506    74592     20.2472978     77.7492074      0.058      0.011
2014-03-26T09:31:44.499    74592     20.2498577     77.7492186      0.058      0.010
2014-03-26T09:31:45.497    75600     20.2524326     77.7492269      0.065      0.010
2014-03-26T09:31:46.497    75096     20.2550161     77.7492321      0.065      0.010
2014-03-26T09:31:47.502    74088     20.2576056     77.7492374      0.061      0.010
2014-03-26T09:31:48.500    75600     20.2601624     77.7492411      0.064      0.012
2014-03-26T09:31:49.507    74592     20.2627459     77.7492442      0.077      0.012
2014-03-26T09:31:50.502    75600     20.2653099     77.7492469      0.069      0.012
2014-03-26T09:31:51.502    73584     20.2678838     77.7492502      0.068      0.015
2014-03-26T09:31:52.497    75600     20.2704392     77.7492560      0.075      0.018
2014-03-26T09:31:53.498    75600     20.2730090     77.7492630      0.082      0.019
2014-03-26T09:31:54.504    74592     20.2755925     77.7492682      0.090      0.015
2014-03-26T09:31:55.498    74592     20.2781481     77.7492723      0.088      0.012
2014-03-26T09:31:56.499    75096     20.2807269     77.7492768      0.088      0.011
2014-03-26T09:31:57.500    75096     20.2833101     77.7492808      0.085      0.014
2014-03-26T09:31:58.502    74592     20.2858998     77.7492844      0.083      0.014
2014-03-26T09:31:59.496    74592     20.2884756     77.7492863      0.073      0.012
2014-03-26T09:32:00.496    75096     20.2910601     77.7492861      0.070      0.016
2014-03-26T09:32:01.498    75096     20.2936448     77.7492842      0.082      0.028
2014-03-26T09:32:02.500    75096     20.2962236     77.7492833      0.066      0.031
2014-03-26T09:32:03.501    75600     20.2988038     77.7492829      0.046      0.024
2014-03-26T09:32:04.502    75600     20.3013930     77.7492820      0.037      0.025
2014-03-26T09:32:05.497    74592     20.3039727     77.7492804      0.034      0.019
2014-03-26T09:32:06.497    74592     20.3065596     77.7492785      0.052      0.039
2014-03-26T09:32:07.495    74592     20.3091403     77.7492757      0.057      0.043
2014-03-26T09:32:08.495    74592     20.3117299     77.7492732      0.023      0.029
2014-03-26T09:32:09.496    75096     20.3143213     77.7492712      0.009      0.028
2014-03-26T09:32:10.500    75096     20.3169185     77.7492701      0.002      0.032
2014-03-26T09:32:11.502    75600     20.3195095     77.7492695      0.002      0.033
2014-03-26T09:32:12.502    74592     20.3220929     77.7492713      0.035      0.047
2014-03-26T09:32:13.458    70560     20.3245558     77.7492712      0.036      0.024
2014-03-26T09:32:14.558    71568     20.3273741     77.7493043      0.023      0.015
2014-03-26T09:32:15.501    74592     20.3297955     77.7492797      0.029      0.030
2014-03-26T09:32:16.493    72576     20.3323372     77.7492870      0.037      0.039
2014-03-26T09:32:17.500    74592     20.3349173     77.7493013      0.060      0.065
2014-03-26T09:32:18.448    70560     20.3373466     77.7493208      0.040      0.035
2014-03-26T09:32:19.622    64512     20.3403663     77.7493046      0.058      0.021
2014-03-26T09:32:20.499    73584     20.3426144     77.7493366      0.062      0.014
2014-03-26T09:32:21.498    75096     20.3451750     77.7493493      0.053      0.013
2014-03-26T09:32:22.499    75600     20.3477431     77.7493646      0.035      0.014
2014-03-26T09:32:23.505    74088     20.3503290     77.7493810      0.029      0.014
2014-03-26T09:32:24.500    75096     20.3528825     77.7493972      0.025      0.012
2014-03-26T09:32:25.501    75600     20.3554525     77.7494127      0.018      0.013
2014-03-26T09:32:26.502    75600     20.3580224     77.7494295      0.020      0.012
2014-03-26T09:32:27.497    74088     20.3605850     77.7494490      0.014      0.013
2014-03-26T09:32:28.497    75600     20.3631659     77.7494710     -0.006      0.020
2014-03-26T09:32:29.499    74592     20.3657483     77.7494932     -0.001      0.031
2014-03-26T09:32:30.497    74592     20.3683237     77.7495132     -0.016      0.038
2014-03-26T09:32:31.500    75600     20.3709049     77.7495304     -0.032      0.024
2014-03-26T09:32:32.501    75600     20.3734852     77.7495465     -0.026      0.013
2014-03-26T09:32:33.502    75600     20.3760778     77.7495636     -0.025      0.010
2014-03-26T09:32:34.479    71064     20.3786316     77.7495704     -0.015      0.037
2014-03-26T09:32:35.555    67032     20.3814372     77.7496084     -0.019      0.038
2014-03-26T09:32:36.494    74592     20.3838822     77.7496099     -0.035      0.035
2014-03-26T09:32:37.501    75096     20.3864933     77.7496203     -0.034      0.014
2014-03-26T09:32:38.501    75096     20.3890833     77.7496310     -0.035      0.013
2014-03-26T09:32:39.477    75600     20.3916160     77.7496234     -0.042      0.015
2014-03-26T09:32:40.531    64512     20.3943443     77.7496536     -0.023      0.080
2014-03-26T09:32:41.500    74592     20.3968633     77.7496560     -0.048      0.031
2014-03-26T09:32:42.485    75600     20.3994258     77.7496491     -0.056      0.024
2014-03-26T09:32:43.584    61488     20.4022815     77.7496611     -0.019      0.070
2014-03-26T09:32:44.509    74088     20.4046810     77.7496559     -0.028      0.047
2014-03-26T09:32:45.498    74592     20.4072486     77.7496434     -0.025      0.033
2014-03-26T09:32:46.501    75600     20.4098616     77.7496337     -0.004      0.035
2014-03-26T09:32:47.505    74592     20.4124895     77.7496272      0.016      0.029
2014-03-26T09:32:48.504    73584     20.4151034     77.7496239      0.016      0.021
2014-03-26T09:32:49.500    73584     20.4177093     77.7496255      0.008      0.019
2014-03-26T09:32:50.498    75600     20.4203240     77.7496146     -0.008      0.020
2014-03-26T09:32:51.498    74088     20.4229435     77.7496038     -0.018      0.031
2014-03-26T09:32:52.503    74088     20.4255557     77.7495902     -0.019      0.017
2014-03-26T09:32:53.501    75600     20.4281316     77.7495731      0.005      0.021
2014-03-26T09:32:54.502    75096     20.4307235     77.7495555      0.016      0.016
2014-03-26T09:32:55.497    74592     20.4333121     77.7495386      0.022      0.016
2014-03-26T09:32:56.497    74088     20.4359097     77.7495190      0.030      0.058
2014-03-26T09:32:57.493    74088     20.4384967     77.7494994      0.160      0.162
2014-03-26T09:32:58.499    75600     20.4411077     77.7494804      0.415      0.272
2014-03-26T09:32:59.492    72576     20.4436940     77.7494689      0.357      0.319
2014-03-26T09:33:00.509    74592     20.4463424     77.7494385      0.368      0.229
2014-03-26T09:33:01.500    75096     20.4489206     77.7494229      0.273      0.227
2014-03-26T09:33:02.500    73584     20.4515146     77.7494004      0.217      0.232
2014-03-26T09:33:03.493    74592     20.4540899     77.7493770      0.140      0.155
2014-03-26T09:33:04.468    64008     20.4566246     77.7493603      0.109      0.181
2014-03-26T09:33:05.498    73080     20.4593165     77.7493499      0.174      0.182
2014-03-26T09:33:06.507    74592     20.4619643     77.7493325      0.188      0.239
2014-03-26T09:33:07.502    75096     20.4645583     77.7493137      0.047      0.027
2014-03-26T09:33:08.501    75096     20.4671474     77.7492945      0.110      0.110
2014-03-26T09:33:09.503    75600     20.4697481     77.7492780      0.253      0.256
2014-03-26T09:33:10.483    72072     20.4722850     77.7492650      0.179      0.198
2014-03-26T09:33:11.499    74592     20.4749142     77.7492506      0.164      0.165
2014-03-26T09:33:12.499    74592     20.4775058     77.7492337      0.250      0.224
2014-03-26T09:33:13.500    74592     20.4801017     77.7492186      0.174      0.129
2014-03-26T09:33:14.502    74592     20.4826933     77.7492024      0.280      0.160
2014-03-26T09:33:15.501    75600     20.4852816     77.7491874      0.339      0.121
2014-03-26T09:33:16.503    74088     20.4878779     77.7491772      0.219      0.199
2014-03-26T09:33:17.502    73080     20.4904554     77.7491572      0.136      0.144
2014-03-26T09:33:18.496    75096     20.4930280     77.7491474      0.124      0.129
2014-03-26T09:33:19.498    75600     20.4956339     77.7491326      0.126      0.162
2014-03-26T09:33:20.480    75600     20.4981855     77.7491054      0.160      0.144
2014-03-26T09:33:21.310    75096     20.5003539     77.7489990      0.051      0.065
2014-03-26T09:33:22.718    72576     20.5040380     77.7490911      0.161      0.135
2014-03-26T09:33:23.503    74592     20.5061020     77.7490829      0.206      0.138
2014-03-26T09:33:24.346    72576     20.5083226     77.7491486      0.175      0.189
2014-03-26T09:33:25.475    75600     20.5113234     77.7490725      0.003      0.008
2014-03-26T09:33:26.530    74088     20.5141592     77.7490634      0.132      0.158
2014-03-26T09:33:27.495    68040     20.5167504     77.7490572      0.133      0.122
2014-03-26T09:33:28.512    74088     20.5194821     77.7490449      0.304      0.215
2014-03-26T09:33:29.501    75600     20.5221451     77.7490380      0.354      0.165
2014-03-26T09:33:30.509    73584     20.5248750     77.7490329      0.249      0.200
2014-03-26T09:33:31.500    74592     20.5275656     77.7490343      0.193      0.100
2014-03-26T09:33:32.499    73584     20.5302891     77.7490357      0.312      0.186
2014-03-26T09:33:33.495    74088     20.5330232     77.7490374      0.371      0.228
2014-03-26T09:33:34.499    75600     20.5357915     77.7490394      0.211      0.145
2014-03-26T09:33:35.500    75096     20.5385612     77.7490443      0.274      0.201
2014-03-26T09:33:36.503    74088     20.5413433     77.7490530      0.375      0.213
2014-03-26T09:33:37.499    75096     20.5441219     77.7490580      0.314      0.183
2014-03-26T09:33:38.499    75096     20.5469436     77.7490572      0.191      0.183
2014-03-26T09:33:39.500    75096     20.5497810     77.7490527      0.128      0.168
2014-03-26T09:33:40.481    71568     20.5525670     77.7490408      0.060      0.108
2014-03-26T09:33:41.505    74088     20.5554902     77.7490396      0.114      0.162
2014-03-26T09:33:42.490    73080     20.5583125     77.7490296      0.201      0.235
2014-03-26T09:33:43.508    74088     20.5612442     77.7490203      0.087      0.066
2014-03-26T09:33:44.491    71064     20.5640825     77.7490066      0.202      0.183
2014-03-26T09:33:45.493    75096     20.5669982     77.7489953      0.084      0.074
2014-03-26T09:33:46.466    70560     20.5698395     77.7489784      0.098      0.156
2014-03-26T09:33:47.500    72072     20.5728592     77.7489676      0.264      0.213
2014-03-26T09:33:48.509    67032     20.5758165     77.7489594      0.313      0.247
2014-03-26T09:33:49.495    70560     20.5787245     77.7489470      0.331      0.246
2014-03-26T09:33:50.515    73080     20.5817579     77.7489337      0.191      0.195
2014-03-26T09:33:51.505    72072     20.5847094     77.7489204      0.144      0.146
2014-03-26T09:33:52.506    74592     20.5877188     77.7489068      0.088      0.101
2014-03-26T09:33:53.498    74592     20.5907113     77.7488901      0.014      0.043
2014-03-26T09:33:54.511    74088     20.5937682     77.7488756      0.038      0.068
2014-03-26T09:33:55.516    74592     20.5967822     77.7488682     -0.008      0.034
2014-03-26T09:33:56.499    75600     20.5997284     77.7488501      0.001      0.023
2014-03-26T09:33:57.502    74592     20.6027316     77.7488375      0.012      0.024
2014-03-26T09:33:58.504    74592     20.6057232     77.7488237      0.017      0.031
2014-03-26T09:33:59.496    74592     20.6086847     77.7488072      0.014      0.042
2014-03-26T09:34:00.501    74592     20.6116855     77.7487965      0.000      0.038
2014-03-26T09:34:01.496    73584     20.6146587     77.7487824      0.035      0.048
2014-03-26T09:34:02.497    75096     20.6176493     77.7487676      0.044      0.049
2014-03-26T09:34:03.501    74592     20.6206572     77.7487509      0.047      0.059
2014-03-26T09:34:04.498    75096     20.6236460     77.7487390      0.058      0.065
2014-03-26T09:34:05.501    75600     20.6266489     77.7487256      0.046      0.031
2014-03-26T09:34:06.500    74088     20.6296453     77.7487107      0.055      0.044
2014-03-26T09:34:07.500    75096     20.6326504     77.7486919      0.065      0.043
2014-03-26T09:34:08.497    75600     20.6356523     77.7486757      0.062      0.031
2014-03-26T09:34:09.494    74592     20.6386563     77.7486590      0.060      0.033
2014-03-26T09:34:10.499    74592     20.6416972     77.7486435      0.051      0.053
2014-03-26T09:34:11.500    75096     20.6447351     77.7486269      0.053      0.077
2014-03-26T09:34:12.483    75096     20.6477207     77.7485935      0.073      0.082
2014-03-26T09:34:13.458    73080     20.6506922     77.7484734      0.050      0.092
2014-03-26T09:34:14.420    73080     20.6536298     77.7484473      0.083      0.117
2014-03-26T09:34:15.629    73080     20.6573388     77.7485611      0.139      0.162
2014-03-26T09:34:16.498    75600     20.6600133     77.7485322      0.126      0.155
2014-03-26T09:34:17.402    74592     20.6628039     77.7485238      0.069      0.106
2014-03-26T09:34:18.473    70560     20.6661186     77.7485142      0.127      0.171
2014-03-26T09:34:19.494    69048     20.6692794     77.7484901      0.151      0.175
2014-03-26T09:34:20.524    75600     20.6724729     77.7484360      0.194      0.214
2014-03-26T09:34:21.458    73584     20.6753768     77.7484603      0.165      0.200
2014-03-26T09:34:22.527    71064     20.6787035     77.7484905      0.098      0.134
2014-03-26T09:34:23.506    74592     20.6817481     77.7484221      0.166      0.151
2014-03-26T09:34:24.546    74088     20.6849886     77.7483432      0.133      0.157
2014-03-26T09:34:25.499    75096     20.6879711     77.7483752      0.188      0.182
2014-03-26T09:34:26.481    75096     20.6910488     77.7483534      0.100      0.101
2014-03-26T09:34:27.529    71568     20.6943374     77.7482886      0.143      0.170
2014-03-26T09:34:28.514    73080     20.6974416     77.7482678      0.240      0.194
2014-03-26T09:34:29.484    72576     20.7004880     77.7481711      0.141      0.138
2014-03-26T09:34:30.496    75096     20.7036883     77.7481656      0.088      0.056
2014-03-26T09:34:31.480    73584     20.7067954     77.7481220      0.194      0.186
2014-03-26T09:34:32.500    74592     20.7100214     77.7480673      0.202      0.232
2014-03-26T09:34:33.523    75096     20.7132654     77.7480469      0.091      0.132
2014-03-26T09:34:34.506    74592     20.7163660     77.7479672      0.283      0.267
2014-03-26T09:34:35.508    74592     20.7195335     77.7478962      0.306      0.284
2014-03-26T09:34:36.503    74592     20.7226945     77.7478591      0.350      0.206
2014-03-26T09:34:37.495    75600     20.7258458     77.7478004      0.384      0.213
2014-03-26T09:34:38.458    74592     20.7289133     77.7477502      0.297      0.285
2014-03-26T09:34:39.531    74592     20.7323163     77.7476549      0.238      0.182
2014-03-26T09:34:40.465    74088     20.7352741     77.7475617      0.351      0.230
2014-03-26T09:34:41.517    73080     20.7386063     77.7474497      0.246      0.237
2014-03-26T09:34:42.516    71568     20.7417783     77.7473565      0.327      0.278
2014-03-26T09:34:43.483    72072     20.7448320     77.7472285      0.234      0.197
2014-03-26T09:34:44.555    72576     20.7482614     77.7471845      0.202      0.151
2014-03-26T09:34:45.497    75096     20.7512288     77.7470524      0.227      0.172
2014-03-26T09:34:46.498    75096     20.7543750     77.7469645      0.262      0.215
2014-03-26T09:34:47.503    75096     20.7575420     77.7468806      0.229      0.144
2014-03-26T09:34:48.504    74592     20.7607195     77.7467942      0.275      0.192
2014-03-26T09:34:49.501    75096     20.7639071     77.7467059      0.245      0.184
2014-03-26T09:34:50.503    75096     20.7671318     77.7466191      0.218      0.149
2014-03-26T09:34:51.498    75096     20.7703537     77.7465404      0.238      0.197
2014-03-26T09:34:52.497    74088     20.7735930     77.7464595      0.217      0.209
2014-03-26T09:34:53.503    73584     20.7768643     77.7463814      0.144      0.085
2014-03-26T09:34:54.499    75600     20.7801066     77.7463082      0.218      0.184
2014-03-26T09:34:55.500    74592     20.7833789     77.7462402      0.413      0.292
2014-03-26T09:34:56.502    75600     20.7866598     77.7461728      0.339      0.275
2014-03-26T09:34:57.496    75096     20.7899383     77.7461068      0.129      0.152
2014-03-26T09:34:58.497    75096     20.7932512     77.7460386      0.062      0.024
2014-03-26T09:34:59.498    75600     20.7965599     77.7459704      0.039      0.012
2014-03-26T09:35:00.499    75600     20.7998859     77.7458993      0.271      0.369
2014-03-26T09:35:01.497    75600     20.8032068     77.7458256      0.453      0.318
2014-03-26T09:35:02.527    74088     20.8066391     77.7457603      0.142      0.198
2014-03-26T09:35:03.500    74592     20.8098830     77.7456871      0.030      0.015
2014-03-26T09:35:04.502    74592     20.8132283     77.7456187      0.026      0.011
2014-03-26T09:35:05.498    73584     20.8165709     77.7455521      0.022      0.013
2014-03-26T09:35:06.498    75600     20.8199148     77.7454863      0.029      0.015
2014-03-26T09:35:07.491    74088     20.8232346     77.7454230      0.033      0.009
2014-03-26T09:35:08.499    75096     20.8265967     77.7453588      0.038      0.008
2014-03-26T09:35:09.500    75096     20.8299288     77.7452947      0.025      0.011
2014-03-26T09:35:10.499    75096     20.8332465     77.7452307      0.015      0.016
2014-03-26T09:35:11.501    74592     20.8365629     77.7451667      0.015      0.013
2014-03-26T09:35:12.495    75096     20.8398522     77.7451039      0.018      0.027
2014-03-26T09:35:13.498    75600     20.8431658     77.7450394      0.020      0.020
2014-03-26T09:35:14.500    75096     20.8464761     77.7449749      0.020      0.014
2014-03-26T09:35:15.496    75096     20.8497555     77.7449086      0.024      0.012
2014-03-26T09:35:16.497    74088     20.8530483     77.7448432      0.017      0.016
2014-03-26T09:35:17.503    75600     20.8563477     77.7447743      0.022      0.019
2014-03-26T09:35:18.499    75096     20.8596094     77.7447045      0.036      0.011
2014-03-26T09:35:19.496    75096     20.8628741     77.7446380      0.050      0.009
2014-03-26T09:35:20.501    74088     20.8661711     77.7445741      0.060      0.010
2014-03-26T09:35:21.498    75600     20.8694477     77.7445114      0.068      0.011
2014-03-26T09:35:22.507    74088     20.8727720     77.7444467      0.068      0.024
2014-03-26T09:35:23.502    74088     20.8760504     77.7443815      0.038      0.014
2014-03-26T09:35:24.502    74088     20.8793461     77.7443184      0.035      0.012
2014-03-26T09:35:25.503    75096     20.8826488     77.7442568      0.028      0.016
2014-03-26T09:35:26.500    75096     20.8859432     77.7441941      0.020      0.018
2014-03-26T09:35:27.497    75600     20.8892370     77.7441308      0.025      0.012
2014-03-26T09:35:28.500    75096     20.8925371     77.7440674      0.037      0.012
2014-03-26T09:35:29.499    75600     20.8958210     77.7440055      0.041      0.038
2014-03-26T09:35:30.463    75096     20.8989757     77.7439277      0.016      0.024
2014-03-26T09:35:31.391    75600     20.9020091     77.7438618     -0.008      0.015
2014-03-26T09:35:32.707    74088     20.9063153     77.7438360      0.028      0.017
2014-03-26T09:35:33.501    74592     20.9088805     77.7437500      0.041      0.009
2014-03-26T09:35:34.495    74592     20.9120951     77.7436862      0.038      0.011
2014-03-26T09:35:35.498    75600     20.9153368     77.7436202      0.035      0.009
2014-03-26T09:35:36.495    74592     20.9185550     77.7435531      0.037      0.010
2014-03-26T09:35:37.500    75600     20.9217942     77.7434857      0.037      0.015
2014-03-26T09:35:38.500    75096     20.9250083     77.7434184      0.030      0.011
2014-03-26T09:35:39.502    75600     20.9282263     77.7433489      0.038      0.012
2014-03-26T09:35:40.500    75096     20.9314286     77.7432789      0.037      0.012
2014-03-26T09:35:41.497    75096     20.9346256     77.7432092      0.039      0.016
2014-03-26T09:35:42.492    74592     20.9378079     77.7431395      0.056      0.019
2014-03-26T09:35:43.499    75600     20.9410238     77.7430674      0.065      0.012
2014-03-26T09:35:44.500    75600     20.9442166     77.7429948      0.055      0.018
2014-03-26T09:35:45.499    75096     20.9474057     77.7429236      0.046      0.013
2014-03-26T09:35:46.498    74592     20.9506066     77.7428542      0.042      0.010
2014-03-26T09:35:47.502    74088     20.9538467     77.7427836      0.033      0.009
2014-03-26T09:35:48.501    74592     20.9570862     77.7427112      0.025      0.012
2014-03-26T09:35:49.500    75096     20.9603216     77.7426373      0.010      0.016
2014-03-26T09:35:50.502    75096     20.9635573     77.7425641     -0.001      0.011
2014-03-26T09:35:51.501    74592     20.9667451     77.7424901      0.009      0.011
2014-03-26T09:35:52.501    75600     20.9699181     77.7424157      0.012      0.013
2014-03-26T09:35:53.508    74592     20.9730814     77.7423397      0.000      0.016
2014-03-26T09:35:54.500    75096     20.9761805     77.7422675     -0.002      0.015
2014-03-26T09:35:55.501    73584     20.9792930     77.7421912      0.014      0.020
2014-03-26T09:35:56.496    75096     20.9823685     77.7421083      0.016      0.016
2014-03-26T09:35:57.499    75600     20.9854480     77.7420257      0.012      0.013
2014-03-26T09:35:58.500    75600     20.9885023     77.7419503      0.015      0.013
2014-03-26T09:35:59.497    74088     20.9915468     77.7418742      0.011      0.012
2014-03-26T09:36:00.505    74592     20.9946328     77.7417938      0.011      0.013
2014-03-26T09:36:01.012     1512     20.9961848     77.7417522      0.011      0.010
