2014-03-26T12:06:32.511    49640     21.1109730     77.7451533      0.221      0.017
2014-03-26T12:06:33.497    51000     21.1082701     77.7449086      0.182      0.023
2014-03-26T12:06:34.500    51340     21.1055775     77.7446530      0.152      0.024
2014-03-26T12:06:35.502    51000     21.1028072     77.7443826      0.110      0.023
2014-03-26T12:06:36.505    50660     21.0999396     77.7441382      0.083      0.022
2014-03-26T12:06:37.500    50660     21.0969991     77.7439319      0.074      0.019
2014-03-26T12:06:38.501    51000     21.0940025     77.7437715      0.048      0.028
2014-03-26T12:06:39.503    50660     21.0909785     77.7436537      0.026      0.025
2014-03-26T12:06:40.500    51000     21.0878889     77.7435880      0.046      0.023
2014-03-26T12:06:41.499    51000     21.0847356     77.7435869      0.055      0.028
2014-03-26T12:06:42.500    49980     21.0816043     77.7435823      0.052      0.022
2014-03-26T12:06:43.498    51000     21.0784967     77.7435063      0.016      0.025
2014-03-26T12:06:44.497    51000     21.0753645     77.7434580     -0.015      0.023
2014-03-26T12:06:45.499    50660     21.0721825     77.7434732     -0.029      0.022
2014-03-26T12:06:46.501    50660     21.0690050     77.7435711     -0.023      0.021
2014-03-26T12:06:47.504    49640     21.0658839     77.7437202     -0.015      0.029
2014-03-26T12:06:48.503    49980     21.0628926     77.7439535      0.006      0.024
2014-03-26T12:06:49.498    49980     21.0600162     77.7442542      0.060      0.024
2014-03-26T12:06:50.503    50320     21.0571200     77.7444888      0.076      0.021
2014-03-26T12:06:51.497    50660     21.0542762     77.7447098      0.059      4.023
2014-03-26T12:06:52.500    51000     21.0515956     77.7450673      0.126      0.034
2014-03-26T12:06:53.499    51000     21.0489019     77.7453804      0.144      0.019
2014-03-26T12:06:54.498    50660     21.0462244     77.7456789      0.157      0.016
2014-03-26T12:06:55.496    50660     21.0435531     77.7459707      0.171      0.016
2014-03-26T12:06:56.497    51000     21.0409640     77.7463182      0.219      0.025
2014-03-26T12:06:57.495    49640     21.0383777     77.7466816      0.272      0.021
2014-03-26T12:06:58.500    50660     21.0357472     77.7470293      0.314      0.020
2014-03-26T12:06:59.502    51000     21.0330388     77.7473267      0.327      3.454
2014-03-26T12:07:00.502    50660     21.0302380     77.7475499      0.361      0.015
2014-03-26T12:07:01.503    50660     21.0273758     77.7477080      0.357      0.016
2014-03-26T12:07:02.502    49980     21.0244401     77.7478632      0.357      0.018
2014-03-26T12:07:03.499    50660     21.0214848     77.7479992      0.355      0.014
2014-03-26T12:07:04.501    50660     21.0185744     77.7481417      0.356      0.012
2014-03-26T12:07:05.503    50320     21.0156614     77.7482736      0.352      0.012
2014-03-26T12:07:06.498    51000     21.0127383     77.7483847      0.350      0.014
2014-03-26T12:07:07.496    50660     21.0097642     77.7484376      0.342      0.013
2014-03-26T12:07:08.497    51000     21.0067922     77.7484509      0.336      0.012
2014-03-26T12:07:09.498    50320     21.0038855     77.7484676      0.326      0.014
2014-03-26T12:07:10.495    50320     21.0010304     77.7484862      0.327      0.014
2014-03-26T12:07:11.502    51000     20.9981491     77.7485044      0.330      0.014
2014-03-26T12:07:12.500    50320     20.9953124     77.7485061      0.332      0.013
2014-03-26T12:07:13.501    51000     20.9925019     77.7484924      0.332      0.015
2014-03-26T12:07:14.500    51000     20.9897456     77.7484435      0.320      0.014
2014-03-26T12:07:15.499    50660     20.9869835     77.7483851      0.316      0.013
2014-03-26T12:07:16.499    51000     20.9842033     77.7483167      0.305      0.012
2014-03-26T12:07:17.499    51000     20.9814259     77.7482184      0.282      1.803
2014-03-26T12:07:18.501    50660     20.9786304     77.7481002      0.282      0.011
2014-03-26T12:07:19.498    50660     20.9758646     77.7479776      0.281      0.012
2014-03-26T12:07:20.497    51000     20.9731034     77.7478511      0.282      0.014
2014-03-26T12:07:21.496    50320     20.9704314     77.7477002      0.270      0.017
2014-03-26T12:07:22.502    51000     20.9679883     77.7474198      0.224      0.022
2014-03-26T12:07:23.502    51000     20.9655995     77.7471001      0.160      0.024
2014-03-26T12:07:24.498    50660     20.9631715     77.7468257      0.113      0.018
2014-03-26T12:07:25.501    51000     20.9606749     77.7466420      0.078      0.021
2014-03-26T12:07:26.500    50660     20.9582254     77.7465001      0.038      0.017
2014-03-26T12:07:27.493    50320     20.9556646     77.7464552      0.044      0.015
2014-03-26T12:07:28.500    50320     20.9530678     77.7463846      0.037      0.013
2014-03-26T12:07:29.499    51000     20.9505135     77.7462629      0.019      0.013
2014-03-26T12:07:30.497    50660     20.9478814     77.7461826      0.010      0.012
2014-03-26T12:07:31.496    50660     20.9451938     77.7461233      0.006      0.013
2014-03-26T12:07:32.497    51000     20.9424462     77.7460891     -0.000      0.016
2014-03-26T12:07:33.500    51340     20.9397019     77.7461135      0.003      0.017
2014-03-26T12:07:34.503    50320     20.9369998     77.7461456     -0.011      0.013
2014-03-26T12:07:35.502    51000     20.9343034     77.7462205     -0.011      0.016
2014-03-26T12:07:36.503    50660     20.9316347     77.7462991     -0.018      0.016
2014-03-26T12:07:37.501    51000     20.9291009     77.7464236     -0.015      0.013
2014-03-26T12:07:38.499    50660     20.9265540     77.7465762     -0.005      0.013
2014-03-26T12:07:39.500    51000     20.9239387     77.7467246      0.010      0.013
2014-03-26T12:07:40.499    51000     20.9213313     77.7468784      0.029      0.019
2014-03-26T12:07:41.499    51000     20.9187629     77.7470465      0.059      0.022
2014-03-26T12:07:42.497    50660     20.9162125     77.7472093      0.080      0.019
2014-03-26T12:07:43.497    51000     20.9136737     77.7473714      0.084      0.016
2014-03-26T12:07:44.497    50660     20.9111304     77.7475261      0.095      0.012
2014-03-26T12:07:45.496    50660     20.9085788     77.7476518      0.094      0.015
2014-03-26T12:07:46.502    51000     20.9059901     77.7477406      0.082      0.014
2014-03-26T12:07:47.496    51000     20.9034199     77.7478247      0.080      0.016
2014-03-26T12:07:48.485    51000     20.9006789     77.7477603      0.082      0.017
2014-03-26T12:07:49.489    51000     20.8979733     77.7477758      0.079      0.021
2014-03-26T12:07:50.520    46240     20.8960308     77.7486448      0.071      0.034
2014-03-26T12:07:51.527    50660     20.8933995     77.7488155      0.072      0.020
2014-03-26T12:07:52.530    50660     20.8903877     77.7485459      0.070      0.022
2014-03-26T12:07:53.499    50320     20.8877069     77.7485037      0.068      0.021
2014-03-26T12:07:54.496    50660     20.8850680     77.7486050      0.062      2.194
2014-03-26T12:07:55.498    51000     20.8824051     77.7487085      0.062      0.021
2014-03-26T12:07:56.497    51000     20.8797444     77.7488075      0.057      0.015
2014-03-26T12:07:57.500    51000     20.8770879     77.7488992      0.044      0.013
2014-03-26T12:07:58.506    49980     20.8744208     77.7490001      0.042      0.012
2014-03-26T12:07:59.504    50660     20.8717558     77.7491159      0.044      0.011
2014-03-26T12:08:00.501    51000     20.8690442     77.7492048      0.041      0.011
2014-03-26T12:08:01.501    51000     20.8663304     77.7493310      0.053      0.014
2014-03-26T12:08:02.502    50660     20.8636808     77.7495300      0.094      0.017
2014-03-26T12:08:03.501    50660     20.8610089     77.7497212      0.101      3.816
2014-03-26T12:08:04.499    51000     20.8582313     77.7498373      0.124      0.010
2014-03-26T12:08:05.498    51000     20.8554280     77.7499303      0.124      0.011
2014-03-26T12:08:06.498    51000     20.8526087     77.7500180      0.109      3.908
2014-03-26T12:08:07.497    51000     20.8497369     77.7500946      0.153      0.032
2014-03-26T12:08:08.495    50320     20.8468794     77.7501521      0.137      0.017
2014-03-26T12:08:09.499    51340     20.8440595     77.7501961      0.134      0.014
2014-03-26T12:08:10.502    51000     20.8412178     77.7502228      0.144      0.011
2014-03-26T12:08:11.502    50660     20.8383599     77.7502134      0.149      0.011
2014-03-26T12:08:12.501    51000     20.8355455     77.7501412      0.133      0.015
2014-03-26T12:08:13.501    50660     20.8327571     77.7500545      0.103      0.016
2014-03-26T12:08:14.500    49640     20.8299446     77.7499858      0.082      0.013
2014-03-26T12:08:15.499    50660     20.8271087     77.7499574      0.064      0.012
2014-03-26T12:08:16.499    51000     20.8242833     77.7499419      0.059      0.010
2014-03-26T12:08:17.494    50320     20.8214977     77.7499294      0.049      0.012
2014-03-26T12:08:18.499    49980     20.8187084     77.7499251      0.042      0.012
2014-03-26T12:08:19.498    50320     20.8159524     77.7499035      0.037      0.012
2014-03-26T12:08:20.497    50660     20.8132749     77.7498681      0.026      0.020
2014-03-26T12:08:21.497    51000     20.8104969     77.7498394      0.019      0.016
2014-03-26T12:08:22.501    50660     20.8076564     77.7498082      0.027      0.019
2014-03-26T12:08:23.504    49980     20.8048538     77.7497753      0.032      0.029
2014-03-26T12:08:24.497    50320     20.8020010     77.7497465      0.054      0.057
2014-03-26T12:08:25.498    51000     20.7991131     77.7496867      0.054      0.088
2014-03-26T12:08:26.497    50660     20.7962052     77.7496138      0.114      0.222
2014-03-26T12:08:27.498    49300     20.7932935     77.7495707      0.137      0.276
2014-03-26T12:08:28.499    50660     20.7903504     77.7495433      0.055      2.346
2014-03-26T12:08:29.500    50320     20.7874068     77.7495416      0.130      0.202
2014-03-26T12:08:30.497    51000     20.7844534     77.7495576      0.173      0.243
2014-03-26T12:08:31.494    50660     20.7814878     77.7495599      0.047      0.153
2014-03-26T12:08:32.495    50320     20.7785196     77.7495882      0.136      0.201
2014-03-26T12:08:33.498    49640     20.7755916     77.7495985      0.328      0.287
2014-03-26T12:08:34.502    51000     20.7726021     77.7495638      0.312      0.270
2014-03-26T12:08:35.505    49980     20.7695848     77.7495541      0.234      3.158
2014-03-26T12:08:36.502    51000     20.7666386     77.7495624      0.288      0.267
2014-03-26T12:08:37.500    51000     20.7637224     77.7495914      0.280      0.266
2014-03-26T12:08:38.502    50320     20.7608362     77.7496645      0.269      0.263
2014-03-26T12:08:39.499    48960     20.7579635     77.7497880      0.193      0.278
2014-03-26T12:08:40.507    50660     20.7550092     77.7498890      0.056      0.139
2014-03-26T12:08:41.496    50660     20.7520827     77.7499056      0.063      0.108
2014-03-26T12:08:42.499    49980     20.7491933     77.7500143      0.115      0.164
2014-03-26T12:08:43.490    51000     20.7464302     77.7501534      0.168      0.195
2014-03-26T12:08:44.478    50660     20.7435501     77.7502559      0.164      0.183
2014-03-26T12:08:45.529    49980     20.7404320     77.7502718      0.136      0.168
2014-03-26T12:08:46.493    50660     20.7376485     77.7502393      0.160      0.164
2014-03-26T12:08:47.475    50660     20.7346265     77.7499738      0.162      0.196
2014-03-26T12:08:48.491    47940     20.7316924     77.7503566      0.245      0.240
2014-03-26T12:08:49.520    48960     20.7286400     77.7503757      0.224      0.268
2014-03-26T12:08:50.520    46920     20.7256210     77.7503040      0.274      0.274
2014-03-26T12:08:51.425    49980     20.7230451     77.7506027      0.326      0.307
2014-03-26T12:08:52.577    40800     20.7194366     77.7502554      0.133      0.188
2014-03-26T12:08:53.526    51000     20.7166981     77.7504139      0.209      0.205
2014-03-26T12:08:54.496    49980     20.7139215     77.7505836      0.189      0.213
2014-03-26T12:08:55.494    50660     20.7109928     77.7507127      0.190      0.171
2014-03-26T12:08:56.499    51000     20.7080287     77.7507744      0.160      0.148
2014-03-26T12:08:57.508    50660     20.7050876     77.7508859      0.153      0.162
2014-03-26T12:08:58.494    51000     20.7021879     77.7509541      0.172      0.188
2014-03-26T12:08:59.507    51000     20.6991160     77.7510135      0.135      0.172
2014-03-26T12:09:00.502    51000     20.6960763     77.7510073      0.113      0.161
2014-03-26T12:09:01.500    50660     20.6931005     77.7510388      0.062      0.100
2014-03-26T12:09:02.498    51000     20.6900887     77.7510840      0.150      0.159
2014-03-26T12:09:03.482    49980     20.6871391     77.7511440      0.185      0.218
2014-03-26T12:09:04.491    49640     20.6839681     77.7506608      0.249      0.205
2014-03-26T12:09:05.493    48620     20.6810215     77.7504718      0.258      0.245
2014-03-26T12:09:06.525    49980     20.6781675     77.7509298      0.130      0.193
2014-03-26T12:09:07.529    50320     20.6752057     77.7511350      0.083      0.139
2014-03-26T12:09:08.392    42500     20.6726621     77.7513872      0.115      0.146
2014-03-26T12:09:09.561    45560     20.6690033     77.7510090      0.131      0.168
2014-03-26T12:09:10.502    51000     20.6660646     77.7506970      0.080      0.128
2014-03-26T12:09:11.502    48960     20.6630784     77.7508994      0.056      0.075
2014-03-26T12:09:12.468    50320     20.6601946     77.7511543      0.087      0.107
2014-03-26T12:09:13.548    51000     20.6569696     77.7515913      0.088      0.086
2014-03-26T12:09:14.500    49980     20.6540447     77.7518210      0.096      0.067
2014-03-26T12:09:15.322    33660     20.6515021     77.7517773      0.085      0.066
2014-03-26T12:09:16.547    45900     20.6476632     77.7509996      0.079      0.105
2014-03-26T12:09:17.510    50660     20.6447201     77.7508844      0.068      0.090
2014-03-26T12:09:18.484    50660     20.6418313     77.7512206      0.048      0.077
2014-03-26T12:09:19.506    50660     20.6386960     77.7510584      0.026      0.049
2014-03-26T12:09:20.498    51340     20.6356059     77.7507954      0.025      0.035
2014-03-26T12:09:21.463    51000     20.6326135     77.7506859      0.026      0.053
2014-03-26T12:09:22.481    49980     20.6295227     77.7512492      0.008      0.025
2014-03-26T12:09:23.556    50660     20.6262212     77.7515563      0.096      0.109
2014-03-26T12:09:24.522    49640     20.6231511     77.7512468      0.049      0.086
2014-03-26T12:09:25.542    51000     20.6199466     77.7508280      0.066      0.102
2014-03-26T12:09:26.525    50660     20.6169635     77.7511173      0.074      0.088
2014-03-26T12:09:27.486    50660     20.6139754     77.7511520      0.073      0.063
2014-03-26T12:09:28.498    51000     20.6108540     77.7509634      0.051      0.053
2014-03-26T12:09:29.538    50660     20.6076715     77.7513154      0.045      0.054
2014-03-26T12:09:30.500    50660     20.6047414     77.7514717      0.041      0.025
2014-03-26T12:09:31.494    50660     20.6017362     77.7515108      0.043      0.026
2014-03-26T12:09:32.502    50660     20.5986945     77.7515440      0.044      0.022
2014-03-26T12:09:33.502    51000     20.5956786     77.7515404      0.040      0.029
2014-03-26T12:09:34.501    51000     20.5926209     77.7515479      0.190      0.222
2014-03-26T12:09:35.500    50660     20.5895260     77.7515532      0.336      0.266
2014-03-26T12:09:36.502    50660     20.5863803     77.7515378      0.257      0.251
2014-03-26T12:09:37.502    49980     20.5831845     77.7515220      0.273      0.264
2014-03-26T12:09:38.496    51000     20.5800140     77.7515199      0.242      0.254
2014-03-26T12:09:39.498    50320     20.5768101     77.7514905      0.310      0.252
2014-03-26T12:09:40.510    50660     20.5735558     77.7514593      0.266      4.590
2014-03-26T12:09:41.495    50660     20.5703499     77.7514457      0.318      0.268
2014-03-26T12:09:42.500    50660     20.5671028     77.7514160      0.316      0.242
2014-03-26T12:09:43.498    50320     20.5639096     77.7513945      0.310      0.212
2014-03-26T12:09:44.499    50660     20.5607598     77.7513900      0.300      2.958
2014-03-26T12:09:45.500    50660     20.5575939     77.7513732      0.334      0.257
2014-03-26T12:09:46.501    51000     20.5544115     77.7513507      0.360      0.203
2014-03-26T12:09:47.503    50660     20.5512394     77.7513527      0.322      0.177
2014-03-26T12:09:48.498    50660     20.5480759     77.7513219      0.323      0.187
2014-03-26T12:09:49.500    50320     20.5448877     77.7512869      0.289      0.219
2014-03-26T12:09:50.500    50660     20.5416925     77.7512529      0.260      0.211
2014-03-26T12:09:51.499    50660     20.5385377     77.7511881      0.156      0.175
2014-03-26T12:09:52.498    51000     20.5353843     77.7511235      0.092      0.079
2014-03-26T12:09:53.498    51000     20.5322881     77.7510503      0.066      0.044
2014-03-26T12:09:54.500    50660     20.5291214     77.7509431      0.072      0.097
2014-03-26T12:09:55.500    51340     20.5259444     77.7507971      0.059      0.089
2014-03-26T12:09:56.503    50660     20.5227736     77.7506577      0.028      0.054
2014-03-26T12:09:57.502    51000     20.5195402     77.7505718      0.030      0.082
2014-03-26T12:09:58.504    50660     20.5162818     77.7504888      0.011      0.068
2014-03-26T12:09:59.501    50660     20.5129783     77.7504093      0.026      0.072
2014-03-26T12:10:00.501    49980     20.5096342     77.7503489      0.027      0.063
2014-03-26T12:10:01.500    51000     20.5062791     77.7503390      0.043      0.061
2014-03-26T12:10:02.499    51000     20.5029274     77.7503264      0.049      0.050
2014-03-26T12:10:03.498    51000     20.4995821     77.7503107      0.071      0.121
2014-03-26T12:10:04.497    51000     20.4962775     77.7502973      0.044      0.110
2014-03-26T12:10:05.498    51000     20.4929821     77.7502908      0.005      0.020
2014-03-26T12:10:06.495    50660     20.4897201     77.7502808      0.011      0.021
2014-03-26T12:10:07.501    51000     20.4864484     77.7502505     -0.001      0.018
2014-03-26T12:10:08.506    50320     20.4831732     77.7502424      0.005      0.041
2014-03-26T12:10:09.502    51000     20.4799027     77.7502590      0.010      0.080
2014-03-26T12:10:10.499    51000     20.4765866     77.7502911      0.015      0.062
2014-03-26T12:10:11.494    48620     20.4733122     77.7503425      0.012      0.083
2014-03-26T12:10:12.509    51000     20.4700489     77.7504673      0.134      0.237
2014-03-26T12:10:13.474    50660     20.4669724     77.7506173      0.083      0.149
2014-03-26T12:10:14.517    19720     20.4637687     77.7509560      0.084      0.159
2014-03-26T12:10:15.503    50660     20.4605795     77.7509540      0.088      0.163
2014-03-26T12:10:16.519    50660     20.4572258     77.7507877      0.085      0.139
2014-03-26T12:10:17.222    22440     20.4548997     77.7507319      0.128      0.193
2014-03-26T12:10:18.702    31280     20.4502219     77.7509549      0.093      0.136
2014-03-26T12:10:19.495    47940     20.4476042     77.7508938      0.164      0.207
2014-03-26T12:10:20.552    43860     20.4442725     77.7510991      0.156      0.182
2014-03-26T12:10:21.491    50660     20.4412981     77.7512717      0.191      0.191
2014-03-26T12:10:22.480    51000     20.4381940     77.7513664      0.088      4.336
2014-03-26T12:10:23.497    51000     20.4347976     77.7511580      0.040      0.042
2014-03-26T12:10:24.509    51000     20.4314642     77.7510280      0.048      0.056
2014-03-26T12:10:25.507    50660     20.4281964     77.7511041      0.029      2.968
2014-03-26T12:10:26.499    51000     20.4249294     77.7512214      0.039      0.019
2014-03-26T12:10:27.522    51000     20.4216843     77.7515373      0.033      0.017
2014-03-26T12:10:28.500    51000     20.4186020     77.7518672      0.034      0.020
2014-03-26T12:10:29.497    51000     20.4152713     77.7519779      0.037      0.021
2014-03-26T12:10:30.495    51000     20.4119487     77.7520947      0.040      0.025
2014-03-26T12:10:31.499    50320     20.4086604     77.7522100      0.050      0.051
2014-03-26T12:10:32.501    51000     20.4053557     77.7523304      0.068      0.065
2014-03-26T12:10:33.503    51000     20.4020380     77.7524419      0.049      0.036
2014-03-26T12:10:34.503    51000     20.3987382     77.7525509      0.038      0.025
2014-03-26T12:10:35.502    50320     20.3954472     77.7526739      0.050      0.030
2014-03-26T12:10:36.497    50660     20.3921459     77.7528237      0.044      0.028
2014-03-26T12:10:37.500    51000     20.3888146     77.7529755      0.040      0.025
2014-03-26T12:10:38.498    51000     20.3854961     77.7531100      0.057      0.029
2014-03-26T12:10:39.500    50660     20.3822341     77.7532882      0.081      0.038
2014-03-26T12:10:40.489    50320     20.3790082     77.7534414      0.097      0.035
2014-03-26T12:10:41.507    49980     20.3756612     77.7535191      0.091      2.236
2014-03-26T12:10:42.496    51000     20.3724388     77.7536078      0.102      0.023
2014-03-26T12:10:43.501    50660     20.3691520     77.7537229      0.111      0.018
2014-03-26T12:10:44.504    51000     20.3658790     77.7538535      0.115      0.025
2014-03-26T12:10:45.502    51000     20.3625929     77.7539169      0.102      0.030
2014-03-26T12:10:46.504    51000     20.3593937     77.7540091      0.094      0.032
2014-03-26T12:10:47.497    50660     20.3561308     77.7541006      0.095      0.021
2014-03-26T12:10:48.500    51000     20.3528325     77.7541981      0.088      0.020
2014-03-26T12:10:49.499    51000     20.3495364     77.7542894      0.094      0.030
2014-03-26T12:10:50.499    50660     20.3462331     77.7543677      0.088      0.021
2014-03-26T12:10:51.496    50660     20.3429447     77.7544424      0.080      0.024
2014-03-26T12:10:52.497    51000     20.3396328     77.7545225      0.074      0.017
2014-03-26T12:10:53.497    51000     20.3363094     77.7545922      0.080      0.016
2014-03-26T12:10:54.496    51000     20.3330512     77.7546952      0.093      0.021
2014-03-26T12:10:55.500    51340     20.3297598     77.7547890      0.101      0.022
2014-03-26T12:10:56.398    34000     20.3267810     77.7548113      0.095      0.026
2014-03-26T12:10:57.528    25840     20.3230301     77.7548213      0.080      0.027
2014-03-26T12:10:58.523    48620     20.3197219     77.7548362      0.094      0.030
2014-03-26T12:10:59.478    50320     20.3165386     77.7547775      0.096      0.042
2014-03-26T12:11:00.497    50320     20.3131715     77.7548259      0.081      0.036
2014-03-26T12:11:01.492    51000     20.3099093     77.7548497      0.078      0.051
2014-03-26T12:11:02.503    51000     20.3065836     77.7548958      0.063      0.026
2014-03-26T12:11:03.496    50660     20.3033129     77.7549219      0.062      0.028
2014-03-26T12:11:04.498    51000     20.3000200     77.7549369      0.067      0.031
2014-03-26T12:11:05.495    49980     20.2967419     77.7549336      0.069      0.031
2014-03-26T12:11:06.500    51340     20.2934395     77.7549111      0.059      0.023
2014-03-26T12:11:07.502    51000     20.2901363     77.7548894      0.065      0.023
2014-03-26T12:11:08.500    50660     20.2868377     77.7548753      0.057      1.210
2014-03-26T12:11:09.501    51000     20.2835414     77.7548200      0.061      0.030
2014-03-26T12:11:10.501    51000     20.2802635     77.7547524      0.043      0.027
2014-03-26T12:11:11.501    50660     20.2770594     77.7547379      0.045      0.030
2014-03-26T12:11:12.502    50660     20.2738781     77.7547506      0.050      0.031
2014-03-26T12:11:13.500    50660     20.2706845     77.7547213      0.039      0.032
2014-03-26T12:11:14.497    50660     20.2674602     77.7546773      0.021      0.020
2014-03-26T12:11:15.498    51000     20.2642078     77.7546469      0.021      0.036
2014-03-26T12:11:16.494    50660     20.2609954     77.7545974      0.011      0.024
2014-03-26T12:11:17.498    49980     20.2577572     77.7545908      0.018      0.029
2014-03-26T12:11:18.489    51000     20.2545074     77.7546095      0.036      0.025
2014-03-26T12:11:19.495    51000     20.2512109     77.7546405      0.027      0.024
2014-03-26T12:11:20.502    50660     20.2479222     77.7546393      0.022      0.032
2014-03-26T12:11:21.500    50660     20.2446378     77.7545871      0.036      0.068
2014-03-26T12:11:22.509    50660     20.2413011     77.7545613      0.042      0.047
2014-03-26T12:11:23.505    50660     20.2380486     77.7544980      0.042      0.026
2014-03-26T12:11:24.508    51000     20.2348203     77.7544395      0.040      0.022
2014-03-26T12:11:25.499    51000     20.2316103     77.7543885      0.037      0.025
2014-03-26T12:11:26.498    51000     20.2283278     77.7543778      0.034      0.022
2014-03-26T12:11:27.498    51000     20.2250499     77.7543587      0.028      0.022
2014-03-26T12:11:28.497    51000     20.2218570     77.7543795      0.022      0.023
2014-03-26T12:11:29.494    50660     20.2186538     77.7543939      0.022      0.026
2014-03-26T12:11:30.501    51000     20.2153635     77.7544071      0.023      0.022
2014-03-26T12:11:31.505    50320     20.2120642     77.7543513      0.004      0.019
2014-03-26T12:11:32.502    51000     20.2087901     77.7543052     -0.005      0.022
2014-03-26T12:11:33.501    51000     20.2055209     77.7542615     -0.006      0.024
2014-03-26T12:11:34.500    50660     20.2022489     77.7542505      0.003      0.027
2014-03-26T12:11:35.500    51000     20.1989554     77.7542590      0.021      0.022
2014-03-26T12:11:36.499    51000     20.1956402     77.7542511      0.039      0.041
2014-03-26T12:11:37.501    50320     20.1923450     77.7542482      0.033      0.024
2014-03-26T12:11:38.498    51000     20.1890762     77.7542418      0.029      0.021
2014-03-26T12:11:39.500    50660     20.1857605     77.7542246      0.028      0.016
2014-03-26T12:11:40.498    50660     20.1824005     77.7541927      0.023      0.012
2014-03-26T12:11:41.497    51000     20.1791137     77.7541714      0.015      0.016
2014-03-26T12:11:42.497    51000     20.1758299     77.7541374      0.011      0.016
2014-03-26T12:11:43.502    51000     20.1725140     77.7541155      0.017      0.016
2014-03-26T12:11:44.502    51000     20.1692413     77.7540920      0.021      0.017
2014-03-26T12:11:45.504    50660     20.1659905     77.7540852      0.044      0.051
2014-03-26T12:11:46.501    51000     20.1627806     77.7540835      0.040      0.032
2014-03-26T12:11:47.500    51000     20.1595632     77.7540562      0.045      0.045
2014-03-26T12:11:48.495    50660     20.1563728     77.7540319      0.032      0.035
2014-03-26T12:11:49.496    50660     20.1531854     77.7540284      0.025      0.025
2014-03-26T12:11:50.498    50660     20.1499991     77.7540272      0.030      0.027
2014-03-26T12:11:51.498    51000     20.1467963     77.7540168      0.024      0.020
2014-03-26T12:11:52.497    51000     20.1436037     77.7540058      0.020      0.020
2014-03-26T12:11:53.496    51000     20.1403982     77.7539935      0.027      0.041
2014-03-26T12:11:54.499    51340     20.1371947     77.7539905      0.048      0.053
2014-03-26T12:11:55.501    50660     20.1340119     77.7539936      0.078      0.074
2014-03-26T12:11:56.501    51000     20.1308380     77.7539805      0.093      0.040
2014-03-26T12:11:57.501    50320     20.1276989     77.7539422      0.093      0.042
2014-03-26T12:11:58.500    51000     20.1245546     77.7539080      0.064      3.642
2014-03-26T12:11:59.500    51000     20.1213409     77.7538689      0.075      0.030
2014-03-26T12:12:00.499    51000     20.1181454     77.7538224      0.079      0.033
2014-03-26T12:12:01.499    51000     20.1149870     77.7537963      0.155      0.117
2014-03-26T12:12:02.498    51000     20.1118747     77.7537718      0.124      0.111
2014-03-26T12:12:03.500    50660     20.1087151     77.7537684      0.099      2.926
2014-03-26T12:12:04.497    51000     20.1055468     77.7537719      0.136      0.069
2014-03-26T12:12:05.500    51000     20.1023723     77.7537871      0.149      0.097
2014-03-26T12:12:06.503    51000     20.0992169     77.7537884      0.116      0.090
2014-03-26T12:12:07.502    51000     20.0961193     77.7537661      0.081      0.039
2014-03-26T12:12:08.501    51000     20.0930268     77.7537319      0.069      0.042
2014-03-26T12:12:09.501    51000     20.0899504     77.7536990      0.068      0.057
2014-03-26T12:12:10.500    51000     20.0869034     77.7536787      0.059      0.064
2014-03-26T12:12:11.499    50660     20.0838571     77.7536535      0.086      0.117
2014-03-26T12:12:12.496    50660     20.0808151     77.7536230      0.047      0.065
2014-03-26T12:12:13.499    51000     20.0777614     77.7536052      0.036      0.025
2014-03-26T12:12:14.498    51000     20.0747134     77.7535876      0.037      0.020
2014-03-26T12:12:15.496    50660     20.0716699     77.7535792      0.038      0.024
2014-03-26T12:12:16.497    51000     20.0686210     77.7535740      0.030      1.871
2014-03-26T12:12:17.499    51000     20.0655681     77.7535585      0.039      0.044
2014-03-26T12:12:18.502    51000     20.0624422     77.7535669      0.143      0.213
2014-03-26T12:12:19.501    51000     20.0592895     77.7535564      0.088      0.095
2014-03-26T12:12:20.500    51000     20.0561545     77.7535324      0.123      0.108
2014-03-26T12:12:21.506    50660     20.0529953     77.7535076      0.194      0.253
2014-03-26T12:12:22.499    50660     20.0498981     77.7534482      0.218      0.255
2014-03-26T12:12:23.504    50660     20.0468016     77.7533783      0.155      0.212
2014-03-26T12:12:24.497    50660     20.0437052     77.7533074      0.177      0.201
2014-03-26T12:12:25.498    51000     20.0405987     77.7532423      0.066      0.102
2014-03-26T12:12:26.501    51000     20.0374658     77.7531668      0.028      0.033
2014-03-26T12:12:27.495    50660     20.0342875     77.7531244      0.019      0.024
2014-03-26T12:12:28.497    51000     20.0311327     77.7530810      0.014      0.029
2014-03-26T12:12:29.499    51340     20.0280176     77.7530542      0.016      0.047
2014-03-26T12:12:30.501    51000     20.0249161     77.7530748      0.022      0.058
2014-03-26T12:12:31.506    50660     20.0217969     77.7531017      0.041      0.062
2014-03-26T12:12:32.501    50660     20.0187244     77.7531184      0.068      0.088
2014-03-26T12:12:33.501    51000     20.0156045     77.7530891      0.086      0.128
2014-03-26T12:12:34.500    51000     20.0124371     77.7530778      0.122      0.153
2014-03-26T12:12:35.500    51000     20.0093411     77.7530708      0.123      0.170
2014-03-26T12:12:36.499    51000     20.0062878     77.7531015      0.157      0.188
2014-03-26T12:12:37.502    50660     20.0032130     77.7531401      0.186      0.184
2014-03-26T12:12:38.496    50320     20.0001401     77.7531551      0.151      0.132
2014-03-26T12:12:39.501    50660     19.9970453     77.7531740      0.173      0.144
2014-03-26T12:12:40.500    50660     19.9939929     77.7532106      0.210      0.251
2014-03-26T12:12:41.499    51340     19.9909860     77.7532702      0.208      0.166
2014-03-26T12:12:42.505    50660     19.9879459     77.7532745      0.227      0.212
2014-03-26T12:12:43.504    50660     19.9849169     77.7532735      0.189      0.192
2014-03-26T12:12:44.501    51000     19.9818938     77.7532861      0.275      0.186
2014-03-26T12:12:45.502    50660     19.9788445     77.7533157      0.163      0.157
2014-03-26T12:12:46.499    50660     19.9758209     77.7533266      0.131      0.176
2014-03-26T12:12:47.499    51000     19.9728150     77.7533631      0.134      0.163
2014-03-26T12:12:48.499    51000     19.9698032     77.7534016      0.084      0.119
2014-03-26T12:12:49.496    50660     19.9668260     77.7534673      0.050      0.048
2014-03-26T12:12:50.495    50660     19.9638822     77.7535299      0.041      0.012
2014-03-26T12:12:51.495    51000     19.9609133     77.7536045      0.041      0.015
2014-03-26T12:12:52.501    50660     19.9579176     77.7536499      0.046      0.024
2014-03-26T12:12:53.499    51340     19.9549527     77.7536930      0.055      0.025
2014-03-26T12:12:54.501    51000     19.9519671     77.7537308      0.070      0.043
2014-03-26T12:12:55.490    51000     19.9489809     77.7536586      0.136      0.159
2014-03-26T12:12:56.493    50320     19.9460091     77.7537804      0.108      0.146
2014-03-26T12:12:57.501    51000     19.9430151     77.7538817      0.101      0.109
2014-03-26T12:12:58.500    51000     19.9399602     77.7538435      0.113      0.086
2014-03-26T12:12:59.498    50660     19.9369308     77.7539043      0.125      0.072
2014-03-26T12:13:00.499    51000     19.9339911     77.7539574      0.126      0.103
2014-03-26T12:13:01.498    51000     19.9310596     77.7540422      0.219      0.172
2014-03-26T12:13:02.498    51000     19.9281145     77.7541314      0.284      0.186
2014-03-26T12:13:03.494    50660     19.9251669     77.7541987      0.278      0.183
2014-03-26T12:13:04.496    50660     19.9221939     77.7542619      0.282      0.174
2014-03-26T12:13:05.496    51000     19.9191955     77.7543220      0.276      0.170
2014-03-26T12:13:06.502    51000     19.9161549     77.7543776      0.283      0.172
2014-03-26T12:13:07.502    51000     19.9131134     77.7544150      0.283      0.185
2014-03-26T12:13:08.503    50660     19.9100520     77.7544528      0.312      0.189
2014-03-26T12:13:09.499    50660     19.9070017     77.7544810      0.296      0.194
2014-03-26T12:13:10.498    50660     19.9039356     77.7545014      0.280      0.176
2014-03-26T12:13:11.499    51000     19.9008528     77.7545179      0.309      0.186
2014-03-26T12:13:12.498    50660     19.8977479     77.7545178      0.341      0.210
2014-03-26T12:13:13.497    50660     19.8946516     77.7545108      0.379      0.226
2014-03-26T12:13:14.497    51000     19.8915740     77.7544931      0.369      0.202
2014-03-26T12:13:15.493    51000     19.8884682     77.7545402      0.340      0.175
2014-03-26T12:13:16.510    51000     19.8852861     77.7545332      0.288      0.231
2014-03-26T12:13:17.506    50660     19.8822460     77.7544533      0.322      0.257
2014-03-26T12:13:18.499    49980     19.8792049     77.7544420      0.277      0.175
2014-03-26T12:13:19.501    51000     19.8761227     77.7543895      0.249      0.139
2014-03-26T12:13:20.505    50320     19.8730905     77.7543838      0.323      0.163
2014-03-26T12:13:21.505    50660     19.8700956     77.7544180      0.326      0.129
2014-03-26T12:13:22.497    50660     19.8671450     77.7544508      0.356      0.159
2014-03-26T12:13:23.496    50660     19.8641511     77.7544509      0.329      4.545
2014-03-26T12:13:24.499    51000     19.8611117     77.7544497      0.328      0.219
2014-03-26T12:13:25.498    51000     19.8580676     77.7544429      0.349      0.159
2014-03-26T12:13:26.497    51000     19.8549781     77.7544443      0.380      0.181
2014-03-26T12:13:27.497    51000     19.8518820     77.7544269      0.385      0.238
2014-03-26T12:13:28.499    51000     19.8488199     77.7543922      0.386      0.251
2014-03-26T12:13:29.502    51000     19.8457469     77.7543430      0.303      0.207
2014-03-26T12:13:30.502    51000     19.8427008     77.7543079      0.362      0.212
2014-03-26T12:13:31.503    50660     19.8396725     77.7542622      0.314      0.164
2014-03-26T12:13:32.501    51000     19.8366693     77.7542143      0.342      0.170
2014-03-26T12:13:33.500    51000     19.8336778     77.7541776      0.296      0.159
2014-03-26T12:13:34.500    51000     19.8306942     77.7541386      0.341      0.213
2014-03-26T12:13:35.499    51000     19.8277148     77.7541300      0.320      4.018
2014-03-26T12:13:36.499    51000     19.8247587     77.7541161      0.315      0.195
2014-03-26T12:13:37.498    51000     19.8217769     77.7540908      0.358      0.174
2014-03-26T12:13:38.502    50320     19.8187843     77.7540711      0.337      0.199
2014-03-26T12:13:39.497    51000     19.8158208     77.7540556      0.248      0.175
2014-03-26T12:13:40.499    51000     19.8128440     77.7540401      0.283      0.198
2014-03-26T12:13:41.499    50660     19.8098962     77.7540164      0.279      0.164
2014-03-26T12:13:42.502    51000     19.8069623     77.7540013      0.322      1.760
2014-03-26T12:13:43.501    51000     19.8040169     77.7539956      0.344      0.157
2014-03-26T12:13:44.501    51000     19.8010638     77.7539796      0.320      0.169
2014-03-26T12:13:45.500    51000     19.7981136     77.7539516      0.288      0.155
2014-03-26T12:13:46.502    50660     19.7951487     77.7539394      0.319      0.151
2014-03-26T12:13:47.497    50660     19.7922016     77.7539252      0.342      0.217
2014-03-26T12:13:48.501    50320     19.7892242     77.7539028      0.306      0.174
2014-03-26T12:13:49.496    50320     19.7862689     77.7538783      0.268      0.161
2014-03-26T12:13:50.497    51000     19.7832937     77.7538606      0.301      0.165
2014-03-26T12:13:51.497    51000     19.7803368     77.7538542      0.263      2.676
2014-03-26T12:13:52.499    51340     19.7773843     77.7538519      0.267      0.181
2014-03-26T12:13:53.500    50660     19.7744394     77.7538488      0.250      0.183
2014-03-26T12:13:54.502    51000     19.7714792     77.7538428      0.244      0.181
2014-03-26T12:13:55.500    50320     19.7685146     77.7538291      0.270      0.187
2014-03-26T12:13:56.501    51000     19.7655193     77.7538151      0.270      0.177
2014-03-26T12:13:57.500    51000     19.7624612     77.7538000      0.272      0.145
2014-03-26T12:13:58.498    50660     19.7594419     77.7537925      0.322      0.156
2014-03-26T12:13:59.499    50320     19.7564115     77.7537847      0.243      0.188
2014-03-26T12:14:00.498    51000     19.7533962     77.7537677      0.152      0.164
2014-03-26T12:14:01.498    51000     19.7503256     77.7537541      0.106      0.113
2014-03-26T12:14:02.493    50320     19.7472797     77.7537533      0.088      0.059
2014-03-26T12:14:03.496    50660     19.7442413     77.7537508      0.159      0.121
2014-03-26T12:14:04.499    51340     19.7412223     77.7537413      0.158      0.147
2014-03-26T12:14:05.502    51000     19.7382097     77.7537318      0.122      0.099
2014-03-26T12:14:06.502    51000     19.7351980     77.7537057      0.076      0.059
2014-03-26T12:14:07.501    51000     19.7322052     77.7536668      0.147      0.153
2014-03-26T12:14:08.503    50660     19.7292084     77.7536312      0.196      0.154
2014-03-26T12:14:09.499    50660     19.7262231     77.7535934      0.046      0.056
2014-03-26T12:14:10.499    51000     19.7232611     77.7535667      0.020      3.172
2014-03-26T12:14:11.495    50320     19.7203015     77.7535545      0.042      0.031
2014-03-26T12:14:12.494    51000     19.7172890     77.7535288      0.044      0.023
2014-03-26T12:14:13.485    51000     19.7143277     77.7533630      0.038      0.016
2014-03-26T12:14:14.474    50320     19.7113775     77.7531168      0.016      4.641
2014-03-26T12:14:15.508    50320     19.7082930     77.7531618      0.026      0.016
2014-03-26T12:14:16.501    50660     19.7052939     77.7534163      0.023      0.019
2014-03-26T12:14:17.494    50660     19.7022853     77.7536256      0.026      0.020
2014-03-26T12:14:18.510    50660     19.6991704     77.7538783      0.025      0.016
2014-03-26T12:14:19.514    50660     19.6961682     77.7537096      0.022      0.013
2014-03-26T12:14:20.504    50660     19.6932118     77.7535619      0.028      0.016
2014-03-26T12:14:21.503    50660     19.6902138     77.7534120      0.037      0.014
2014-03-26T12:14:22.503    50660     19.6872054     77.7533771      0.043      0.014
2014-03-26T12:14:23.499    50660     19.6842316     77.7533372      0.044      0.012
2014-03-26T12:14:24.499    49980     19.6812455     77.7533049      0.054      0.012
2014-03-26T12:14:25.497    50660     19.6782699     77.7532824      0.062      0.013
2014-03-26T12:14:26.478    51000     19.6753428     77.7533277      0.079      0.063
2014-03-26T12:14:27.518    50320     19.6723191     77.7530000      0.154      0.154
2014-03-26T12:14:28.504    50660     19.6693814     77.7531280      0.167      0.148
2014-03-26T12:14:29.504    50660     19.6664669     77.7531053      0.160      1.906
2014-03-26T12:14:30.505    50660     19.6635743     77.7532149      0.256      0.176
2014-03-26T12:14:31.501    50320     19.6606769     77.7531977      0.225      0.156
2014-03-26T12:14:32.501    50320     19.6577731     77.7531797      0.238      0.188
2014-03-26T12:14:33.504    50320     19.6548728     77.7531644      0.217      0.188
2014-03-26T12:14:34.502    50660     19.6519784     77.7531452      0.194      0.132
2014-03-26T12:14:35.499    51000     19.6490713     77.7531203      0.260      0.207
2014-03-26T12:14:36.498    51000     19.6461292     77.7531018      0.262      0.221
2014-03-26T12:14:37.496    50320     19.6432259     77.7530892      0.248      0.209
2014-03-26T12:14:38.499    50320     19.6403071     77.7530644      0.254      4.811
2014-03-26T12:14:39.501    51000     19.6374042     77.7530390      0.304      0.190
2014-03-26T12:14:40.504    50660     19.6345016     77.7530157      0.294      0.202
2014-03-26T12:14:41.499    50320     19.6316078     77.7529885      0.289      0.193
2014-03-26T12:14:42.498    50660     19.6286967     77.7529658      0.291      0.206
2014-03-26T12:14:43.505    50320     19.6257495     77.7529307      0.284      0.191
2014-03-26T12:14:44.500    51000     19.6228107     77.7528927      0.244      0.202
2014-03-26T12:14:45.501    50660     19.6198248     77.7528627      0.255      0.208
2014-03-26T12:14:46.499    51000     19.6168709     77.7528327      0.344      0.235
2014-03-26T12:14:47.498    51000     19.6138994     77.7527761      0.259      0.180
2014-03-26T12:14:48.498    51000     19.6109197     77.7527075      0.253      0.149
2014-03-26T12:14:49.497    51000     19.6079641     77.7526242      0.210      0.147
2014-03-26T12:14:50.497    51000     19.6050213     77.7525383      0.248      0.178
2014-03-26T12:14:51.501    50660     19.6020478     77.7524533      0.222      0.170
2014-03-26T12:14:52.502    51000     19.5990798     77.7523578      0.249      0.193
2014-03-26T12:14:53.500    50320     19.5961376     77.7522405      0.307      0.226
2014-03-26T12:14:54.501    51000     19.5931757     77.7521538      0.345      0.255
2014-03-26T12:14:55.501    50320     19.5901969     77.7521117      0.291      0.215
2014-03-26T12:14:56.498    50320     19.5871911     77.7521098      0.349      0.242
2014-03-26T12:14:57.500    51000     19.5841659     77.7520980      0.316      0.223
2014-03-26T12:14:58.499    50660     19.5811090     77.7520605      0.321      0.218
2014-03-26T12:14:59.498    51000     19.5781207     77.7520152      0.274      0.172
2014-03-26T12:15:00.502    48960     19.5751433     77.7519781      0.251      1.735
2014-03-26T12:15:01.495    50660     19.5722376     77.7519654      0.287      0.197
2014-03-26T12:15:02.494    50660     19.5693534     77.7519472      0.313      0.289
2014-03-26T12:15:03.500    51000     19.5664388     77.7519271      0.238      0.170
2014-03-26T12:15:04.504    49980     19.5635315     77.7518889      0.250      0.163
2014-03-26T12:15:05.502    51000     19.5606253     77.7518864      0.272      0.143
2014-03-26T12:15:06.498    50320     19.5577393     77.7518903      0.269      0.109
2014-03-26T12:15:07.501    50320     19.5548389     77.7518836      0.255      1.604
2014-03-26T12:15:08.502    50660     19.5519241     77.7518248      0.229      0.120
2014-03-26T12:15:09.498    50320     19.5489742     77.7517883      0.218      0.142
2014-03-26T12:15:10.499    50320     19.5460135     77.7517925      0.268      0.189
2014-03-26T12:15:11.497    50320     19.5431194     77.7517596      0.292      0.234
2014-03-26T12:15:12.494    50320     19.5402237     77.7517351      0.308      0.222
2014-03-26T12:15:13.495    50320     19.5373011     77.7517220      0.207      0.133
2014-03-26T12:15:14.496    50660     19.5343897     77.7517240      0.174      0.103
2014-03-26T12:15:15.497    51000     19.5314695     77.7517151      0.187      0.101
2014-03-26T12:15:16.505    50660     19.5285189     77.7517108      0.199      0.129
2014-03-26T12:15:17.500    50660     19.5255953     77.7517336      0.222      0.129
2014-03-26T12:15:18.499    50660     19.5226353     77.7517424      0.220      0.119
2014-03-26T12:15:19.501    50660     19.5196881     77.7517501      0.246      0.147
2014-03-26T12:15:20.499    50660     19.5167409     77.7517475      0.255      0.180
2014-03-26T12:15:21.502    50320     19.5137747     77.7517072      0.334      0.228
2014-03-26T12:15:22.497    50660     19.5108536     77.7516636      0.304      0.210
2014-03-26T12:15:23.503    50320     19.5078961     77.7515976      0.256      0.194
2014-03-26T12:15:24.498    50660     19.5049609     77.7515443      0.291      0.209
2014-03-26T12:15:25.500    50320     19.5019929     77.7515126      0.195      0.185
2014-03-26T12:15:26.500    50660     19.4990437     77.7514744      0.232      0.230
2014-03-26T12:15:27.499    51000     19.4960902     77.7514765      0.204      0.200
2014-03-26T12:15:28.504    50660     19.4931421     77.7515489      0.223      0.214
2014-03-26T12:15:29.501    51000     19.4902255     77.7515563      0.228      0.225
2014-03-26T12:15:30.501    51000     19.4872910     77.7515654      0.273      0.202
2014-03-26T12:15:31.503    50660     19.4843331     77.7515680      0.213      0.168
2014-03-26T12:15:32.497    50660     19.4813977     77.7515701      0.269      0.147
2014-03-26T12:15:33.499    51000     19.4784427     77.7515855      0.229      0.158
2014-03-26T12:15:34.499    51000     19.4754875     77.7515753      0.226      0.171
2014-03-26T12:15:35.498    51000     19.4724976     77.7515814      0.216      0.171
2014-03-26T12:15:36.500    50660     19.4695024     77.7515916      0.244      0.172
2014-03-26T12:15:37.497    51000     19.4665429     77.7515941      0.239      0.171
2014-03-26T12:15:38.500    49980     19.4635600     77.7515881      0.180      0.168
2014-03-26T12:15:39.503    51000     19.4605645     77.7515836      0.143      0.146
2014-03-26T12:15:40.503    49980     19.4575426     77.7515791      0.280      0.240
2014-03-26T12:15:41.497    49640     19.4545356     77.7515761      0.222      0.228
2014-03-26T12:15:42.495    50320     19.4515790     77.7515807      0.126      0.204
2014-03-26T12:15:43.494    50660     19.4486202     77.7515754      0.131      0.183
2014-03-26T12:15:44.488    50660     19.4456219     77.7513538      0.196      0.222
2014-03-26T12:15:45.521    51000     19.4426093     77.7514835      0.140      0.201
2014-03-26T12:15:46.467    50660     19.4399094     77.7518903      0.138      0.165
2014-03-26T12:15:47.514    50660     19.4368345     77.7520495      0.219      0.148
2014-03-26T12:15:48.512    50660     19.4338039     77.7517312      0.211      0.177
2014-03-26T12:15:49.498    51000     19.4308307     77.7516385      0.168      0.188
2014-03-26T12:15:50.501    50660     19.4278150     77.7516391      0.102      0.138
2014-03-26T12:15:51.502    51000     19.4247790     77.7516509      0.118      0.088
2014-03-26T12:15:52.502    50660     19.4217710     77.7516709      0.130      0.089
2014-03-26T12:15:53.501    51000     19.4187637     77.7516953      0.144      0.118
2014-03-26T12:15:54.501    51000     19.4157384     77.7516978      0.213      0.190
2014-03-26T12:15:55.504    49980     19.4126902     77.7517099      0.274      0.227
2014-03-26T12:15:56.500    51000     19.4097186     77.7517227      0.225      0.176
2014-03-26T12:15:57.496    50660     19.4067648     77.7517319      0.098      0.127
2014-03-26T12:15:58.501    50660     19.4037307     77.7517383      0.110      0.163
2014-03-26T12:15:59.498    51000     19.4007182     77.7517452      0.330      0.288
2014-03-26T12:16:00.496    50660     19.3976899     77.7517468      0.258      0.244
2014-03-26T12:16:01.497    51000     19.3946573     77.7517391      0.157      0.156
2014-03-26T12:16:02.503    50320     19.3916257     77.7517325      0.072      0.110
2014-03-26T12:16:03.501    49980     19.3886229     77.7517258      0.036      0.071
2014-03-26T12:16:04.496    50320     19.3856270     77.7517224      0.019      0.030
2014-03-26T12:16:05.501    51000     19.3826022     77.7517246      0.007      0.013
2014-03-26T12:16:06.501    51000     19.3796065     77.7517339      0.024      0.065
2014-03-26T12:16:07.503    49980     19.3766105     77.7517355      0.134      0.117
2014-03-26T12:16:08.500    51000     19.3736397     77.7517685      0.145      0.122
2014-03-26T12:16:09.496    50660     19.3706669     77.7518059      0.137      0.099
2014-03-26T12:16:10.501    50320     19.3676586     77.7518188      0.128      0.094
2014-03-26T12:16:11.495    50320     19.3647037     77.7518551      0.135      0.116
2014-03-26T12:16:12.499    49980     19.3617386     77.7519016      0.115      0.112
2014-03-26T12:16:13.501    50320     19.3587947     77.7519502      0.135      0.100
2014-03-26T12:16:14.499    51340     19.3558592     77.7520029      0.153      0.088
2014-03-26T12:16:15.501    50320     19.3529259     77.7520048      0.159      0.089
2014-03-26T12:16:16.502    51000     19.3500204     77.7520389      0.152      0.085
2014-03-26T12:16:17.505    49980     19.3470859     77.7520884      0.152      0.096
2014-03-26T12:16:18.501    51000     19.3441721     77.7520969      0.128      0.111
2014-03-26T12:16:19.497    49640     19.3412658     77.7521138      0.107      0.086
2014-03-26T12:16:20.498    49980     19.3383321     77.7521354      0.085      0.058
2014-03-26T12:16:21.498    49980     19.3353869     77.7521612      0.072      0.043
2014-03-26T12:16:22.500    50660     19.3324280     77.7521956      0.088      0.065
2014-03-26T12:16:23.497    50660     19.3294531     77.7522138      0.106      0.108
2014-03-26T12:16:24.498    50660     19.3264534     77.7522195      0.098      0.086
2014-03-26T12:16:25.496    50660     19.3234131     77.7522201      0.096      0.074
2014-03-26T12:16:26.498    51000     19.3203173     77.7522101      0.058      0.072
2014-03-26T12:16:27.502    51000     19.3172314     77.7522243      0.082      0.128
2014-03-26T12:16:28.501    50660     19.3141650     77.7522347      0.111      0.117
2014-03-26T12:16:29.501    51000     19.3111062     77.7522575      0.133      0.132
2014-03-26T12:16:30.497    50660     19.3080701     77.7522914      0.104      4.571
2014-03-26T12:16:31.499    50320     19.3050400     77.7523254      0.083      0.084
2014-03-26T12:16:32.506    50320     19.3020021     77.7523387      0.102      0.096
2014-03-26T12:16:33.501    50660     19.2990093     77.7523631      0.156      0.130
2014-03-26T12:16:34.497    50320     19.2960064     77.7523854      0.126      0.105
2014-03-26T12:16:35.501    50660     19.2929676     77.7523941      0.161      0.136
2014-03-26T12:16:36.497    51000     19.2899552     77.7524071      0.202      0.155
2014-03-26T12:16:37.497    51000     19.2869301     77.7524395      0.191      0.167
2014-03-26T12:16:38.498    51000     19.2839075     77.7524724      0.220      0.203
2014-03-26T12:16:39.506    50320     19.2808679     77.7524906      0.195      0.217
2014-03-26T12:16:40.505    50320     19.2778482     77.7524995      0.218      0.207
2014-03-26T12:16:41.498    50660     19.2748411     77.7525102      0.237      0.220
2014-03-26T12:16:42.315    50320     19.2723297     77.7523220      0.154      0.212
2014-03-26T12:16:43.539    50320     19.2686295     77.7524524     -0.005      0.024
2014-03-26T12:16:44.561    51000     19.2654534     77.7519952      0.009      4.215
2014-03-26T12:16:45.524    50660     19.2625563     77.7521551      0.074      0.083
2014-03-26T12:16:46.515    50320     19.2596376     77.7524824      0.061      0.058
2014-03-26T12:16:47.497    50660     19.2566849     77.7525602      0.071      0.055
2014-03-26T12:16:48.497    51000     19.2536414     77.7525631      0.060      0.040
2014-03-26T12:16:49.504    50320     19.2505929     77.7525640      0.058      0.023
2014-03-26T12:16:50.502    50320     19.2475929     77.7525925      0.063      0.024
2014-03-26T12:16:51.502    51000     19.2446041     77.7526120      0.068      0.045
2014-03-26T12:16:52.501    51000     19.2416228     77.7526127      0.058      1.613
2014-03-26T12:16:53.495    50660     19.2386534     77.7525954      0.068      0.084
2014-03-26T12:16:54.480    47940     19.2357055     77.7525879      0.120      0.150
2014-03-26T12:16:55.527    51000     19.2325906     77.7528383      0.232      0.187
2014-03-26T12:16:56.500    51000     19.2296809     77.7526063      0.289      0.183
2014-03-26T12:16:57.503    50320     19.2266964     77.7525905      0.264      0.180
2014-03-26T12:16:58.497    50660     19.2237425     77.7525660      0.300      0.214
2014-03-26T12:16:59.493    50320     19.2207885     77.7525257      0.243      0.178
2014-03-26T12:17:00.496    50320     19.2177992     77.7524912      0.234      0.179
2014-03-26T12:17:01.498    51000     19.2148267     77.7524729      0.241      0.155
2014-03-26T12:17:02.502    51000     19.2118532     77.7524252      0.213      0.147
2014-03-26T12:17:03.501    50660     19.2088813     77.7523733      0.204      0.130
2014-03-26T12:17:04.501    51000     19.2059080     77.7523613      0.210      0.133
2014-03-26T12:17:05.500    50660     19.2029507     77.7523506      0.208      1.587
2014-03-26T12:17:06.500    51000     19.1999967     77.7523206      0.194      0.118
2014-03-26T12:17:07.500    51000     19.1970480     77.7523032      0.224      0.155
2014-03-26T12:17:08.499    50660     19.1940906     77.7522890      0.210      0.135
2014-03-26T12:17:09.497    50660     19.1911366     77.7522688      0.203      0.137
2014-03-26T12:17:10.498    51000     19.1881784     77.7522521      0.200      0.131
2014-03-26T12:17:11.496    50660     19.1852127     77.7522402      0.212      0.126
2014-03-26T12:17:12.494    50660     19.1822284     77.7522192      0.196      0.111
2014-03-26T12:17:13.500    51340     19.1792352     77.7521810      0.209      0.153
2014-03-26T12:17:14.501    49980     19.1762474     77.7521423      0.195      0.110
2014-03-26T12:17:15.508    50660     19.1732661     77.7519513      0.180      0.107
2014-03-26T12:17:16.493    51000     19.1703107     77.7521135      0.195      0.141
2014-03-26T12:17:17.504    51000     19.1672980     77.7521119      0.215      0.142
2014-03-26T12:17:18.508    50660     19.1642930     77.7521347      0.200      0.098
2014-03-26T12:17:19.501    50660     19.1613541     77.7520294      0.191      0.136
2014-03-26T12:17:20.501    50320     19.1583974     77.7519643      0.192      0.197
2014-03-26T12:17:21.501    51000     19.1554375     77.7519421      0.138      0.180
2014-03-26T12:17:22.498    51000     19.1524772     77.7519030      0.091      0.194
2014-03-26T12:17:23.497    51000     19.1495123     77.7518475      0.104      0.191
2014-03-26T12:17:24.497    51000     19.1465549     77.7518049      0.140      0.186
2014-03-26T12:17:25.499    51340     19.1435875     77.7517629      0.139      0.139
2014-03-26T12:17:26.502    51000     19.1406063     77.7517207      0.145      0.166
2014-03-26T12:17:27.501    50320     19.1376301     77.7516877      0.179      0.174
2014-03-26T12:17:28.500    50660     19.1346699     77.7516373      0.267      0.261
2014-03-26T12:17:29.499    50660     19.1317651     77.7515994      0.326      0.270
2014-03-26T12:17:30.502    50660     19.1288243     77.7515581      0.284      0.276
2014-03-26T12:17:31.477    50660     19.1259597     77.7514767      0.099      0.189
2014-03-26T12:17:32.509    50320     19.1229130     77.7514980      0.160      0.230
2014-03-26T12:17:33.498    51000     19.1200135     77.7514256      0.131      0.174
2014-03-26T12:17:34.486    51000     19.1171034     77.7514114      0.123      0.207
2014-03-26T12:17:35.500    50320     19.1141314     77.7513250      0.092      0.182
2014-03-26T12:17:36.502    49980     19.1111949     77.7512379      0.023      0.109
2014-03-26T12:17:37.499    51340     19.1082667     77.7512005      0.049      0.115
2014-03-26T12:17:38.502    51000     19.1053169     77.7511798      0.082      0.162
2014-03-26T12:17:39.502    51000     19.1023684     77.7511607      0.091      0.176
2014-03-26T12:17:40.501    51000     19.0994395     77.7511333      0.118      0.187
2014-03-26T12:17:41.500    51000     19.0965023     77.7511059      0.104      0.153
2014-03-26T12:17:42.502    50320     19.0935586     77.7510780      0.089      0.157
2014-03-26T12:17:43.501    50660     19.0906290     77.7510582      0.043      0.118
2014-03-26T12:17:44.499    51000     19.0877035     77.7510167      0.088      0.169
2014-03-26T12:17:45.500    50320     19.0847505     77.7509663      0.058      0.138
2014-03-26T12:17:46.498    50320     19.0818193     77.7509146      0.095      0.233
2014-03-26T12:17:47.497    51000     19.0788848     77.7508787      0.078      0.167
2014-03-26T12:17:48.502    50320     19.0759192     77.7508389      0.043      0.094
2014-03-26T12:17:49.499    51340     19.0729889     77.7508041      0.040      0.103
2014-03-26T12:17:50.502    51000     19.0700545     77.7507665      0.059      0.142
2014-03-26T12:17:51.501    51000     19.0671323     77.7507331      0.042      0.061
2014-03-26T12:17:52.501    51000     19.0642313     77.7507065      0.026      0.055
2014-03-26T12:17:53.500    51000     19.0613386     77.7506766      0.016      0.014
2014-03-26T12:17:54.503    50660     19.0584534     77.7506418      0.038      0.081
2014-03-26T12:17:55.499    51000     19.0555884     77.7506055      0.122      0.132
2014-03-26T12:17:56.497    50660     19.0527159     77.7505599      0.127      0.130
2014-03-26T12:17:57.498    51000     19.0498479     77.7504966      0.086      0.117
2014-03-26T12:17:58.500    50660     19.0469892     77.7504420      0.089      0.122
2014-03-26T12:17:59.497    51000     19.0441252     77.7503954      0.049      0.115
2014-03-26T12:18:00.500    51340     19.0412466     77.7503560      0.002      0.091
2014-03-26T12:18:01.503    51000     19.0383482     77.7503391     -0.039      0.015
2014-03-26T12:18:02.504    50660     19.0354301     77.7503331     -0.038      0.020
2014-03-26T12:18:03.501    51000     19.0325062     77.7503489     -0.025      0.020
2014-03-26T12:18:04.501    51000     19.0296651     77.7503260     -0.036      0.019
2014-03-26T12:18:05.498    50660     19.0268951     77.7503167     -0.044      0.020
2014-03-26T12:18:06.501    50660     19.0240157     77.7503256     -0.041      0.041
2014-03-26T12:18:07.499    51000     19.0210909     77.7503384     -0.023      0.074
2014-03-26T12:18:08.498    51000     19.0181441     77.7503592     -0.020      0.076
2014-03-26T12:18:09.496    50660     19.0151863     77.7503760     -0.028      0.056
2014-03-26T12:18:10.497    51000     19.0122309     77.7504042     -0.042      0.024
2014-03-26T12:18:11.500    50660     19.0092701     77.7504282     -0.033      0.018
2014-03-26T12:18:12.500    51340     19.0062863     77.7504469     -0.024      0.043
2014-03-26T12:18:13.503    50660     19.0032797     77.7504647     -0.016      0.044
2014-03-26T12:18:14.504    50660     19.0002670     77.7504856     -0.015      0.042
2014-03-26T12:18:15.501    50660     18.9972325     77.7505089     -0.028      2.446
2014-03-26T12:18:16.504    50660     18.9941178     77.7505290     -0.013      0.015
2014-03-26T12:18:17.499    51000     18.9910229     77.7505548     -0.005      0.027
2014-03-26T12:18:18.500    51000     18.9879586     77.7505733     -0.007      0.015
2014-03-26T12:18:19.499    51000     18.9849375     77.7505846     -0.014      0.014
2014-03-26T12:18:20.497    49640     18.9819206     77.7506051     -0.013      0.014
2014-03-26T12:18:21.498    51000     18.9788577     77.7506260     -0.016      0.012
2014-03-26T12:18:22.496    51000     18.9757954     77.7506315     -0.023      0.013
2014-03-26T12:18:23.497    51000     18.9727529     77.7506527     -0.021      0.023
2014-03-26T12:18:24.499    50660     18.9696924     77.7506488     -0.025      0.025
2014-03-26T12:18:25.501    50320     18.9665943     77.7507073     -0.030      0.025
2014-03-26T12:18:26.505    51000     18.9634726     77.7507515     -0.016      0.032
2014-03-26T12:18:27.500    50660     18.9603743     77.7507480     -0.015      0.019
2014-03-26T12:18:28.501    51000     18.9572732     77.7507417     -0.015      0.013
2014-03-26T12:18:29.500    51000     18.9542185     77.7507340     -0.014      0.013
2014-03-26T12:18:30.498    50320     18.9512012     77.7507365     -0.013      0.015
2014-03-26T12:18:31.501    50660     18.9481437     77.7507356     -0.016      0.023
2014-03-26T12:18:32.501    50660     18.9450849     77.7507260     -0.030      4.093
2014-03-26T12:18:33.499    50660     18.9420279     77.7507247     -0.001      0.015
2014-03-26T12:18:34.497    51000     18.9389862     77.7507190      0.007      0.012
2014-03-26T12:18:35.497    51000     18.9359606     77.7507176      0.004      0.016
2014-03-26T12:18:36.499    51340     18.9329288     77.7507228     -0.011      4.185
2014-03-26T12:18:37.502    51000     18.9299009     77.7507197      0.005      0.021
2014-03-26T12:18:38.503    50660     18.9268743     77.7507156      0.005      0.025
2014-03-26T12:18:39.502    50660     18.9238475     77.7507151      0.004      0.024
2014-03-26T12:18:40.501    51000     18.9208460     77.7507258      0.001      0.023
2014-03-26T12:18:41.503    49640     18.9178715     77.7507516      0.012      0.033
2014-03-26T12:18:42.501    51000     18.9149045     77.7507373      0.014      0.032
2014-03-26T12:18:43.499    51000     18.9119116     77.7507386      0.021      0.026
2014-03-26T12:18:44.502    49980     18.9089052     77.7507449      0.022      0.019
2014-03-26T12:18:45.501    51000     18.9059018     77.7507452      0.035      0.016
2014-03-26T12:18:46.496    50660     18.9029058     77.7507355      0.036      0.013
2014-03-26T12:18:47.498    50660     18.8999858     77.7507277      0.030      0.017
2014-03-26T12:18:48.500    49980     18.8970921     77.7507336      0.029      0.019
2014-03-26T12:18:49.500    50660     18.8941445     77.7507418      0.031      0.017
2014-03-26T12:18:50.505    50320     18.8911625     77.7507457      0.030      0.016
2014-03-26T12:18:51.501    50320     18.8882023     77.7507378      0.024      1.468
2014-03-26T12:18:52.501    51000     18.8852357     77.7507332      0.027      0.030
2014-03-26T12:18:53.500    50320     18.8822568     77.7507257      0.038      0.050
2014-03-26T12:18:54.501    51000     18.8793244     77.7507373      0.023      0.057
2014-03-26T12:18:55.492    51000     18.8764141     77.7507275      0.045      0.117
2014-03-26T12:18:56.491    50320     18.8734489     77.7507049      0.037      0.068
2014-03-26T12:18:57.501    51000     18.8704291     77.7507186      0.016      0.018
2014-03-26T12:18:58.496    50660     18.8674798     77.7507134      0.006      0.015
2014-03-26T12:18:59.497    51000     18.8645043     77.7507366      0.011      0.020
2014-03-26T12:19:00.500    50660     18.8614904     77.7507632      0.029      0.041
2014-03-26T12:19:01.501    51000     18.8584809     77.7507719      0.041      0.052
2014-03-26T12:19:02.492    50660     18.8555114     77.7508932      0.015      0.018
2014-03-26T12:19:03.498    50660     18.8524855     77.7509734      0.011      0.021
2014-03-26T12:19:04.503    50320     18.8494631     77.7510909      0.001      0.025
2014-03-26T12:19:05.493    51000     18.8464810     77.7511197      0.002      0.032
2014-03-26T12:19:06.515    51000     18.8433743     77.7510132      0.024      0.085
2014-03-26T12:19:07.496    51000     18.8404270     77.7509767      0.110      0.146
2014-03-26T12:19:08.497    49640     18.8374096     77.7509627      0.135      0.168
2014-03-26T12:19:09.516    47940     18.8343481     77.7510237      0.093      0.153
2014-03-26T12:19:10.502    49980     18.8313917     77.7509976      0.078      0.118
2014-03-26T12:19:11.495    51000     18.8283768     77.7509272      0.161      0.157
2014-03-26T12:19:12.504    50660     18.8253254     77.7509224      0.138      0.132
2014-03-26T12:19:13.507    50660     18.8223103     77.7509924      0.140      0.148
2014-03-26T12:19:14.494    50320     18.8193093     77.7509529      0.093      0.103
2014-03-26T12:19:15.498    50320     18.8162481     77.7511066      0.140      0.142
2014-03-26T12:19:16.521    49640     18.8130910     77.7509187      0.147      0.140
2014-03-26T12:19:17.510    49980     18.8101026     77.7511547      0.195      0.167
2014-03-26T12:19:18.493    51000     18.8071128     77.7510810      0.203      0.158
2014-03-26T12:19:19.470    50660     18.8041440     77.7512233      0.219      0.193
2014-03-26T12:19:20.506    48620     18.8009929     77.7513263      0.187      0.201
2014-03-26T12:19:21.499    50660     18.7979401     77.7511277      0.176      3.065
2014-03-26T12:19:22.488    51000     18.7949263     77.7510787      0.135      0.160
2014-03-26T12:19:23.496    49640     18.7918604     77.7510869      0.121      0.152
2014-03-26T12:19:24.519    50320     18.7887402     77.7510913      0.169      0.135
2014-03-26T12:19:25.502    51000     18.7857532     77.7510893      0.191      0.146
2014-03-26T12:19:26.500    50660     18.7827190     77.7511021      0.145      4.241
2014-03-26T12:19:27.497    49980     18.7796581     77.7511270      0.186      2.243
2014-03-26T12:19:28.497    50660     18.7765926     77.7511395      0.190      0.121
2014-03-26T12:19:29.499    50660     18.7735447     77.7511601      0.199      0.202
2014-03-26T12:19:30.489    50320     18.7705268     77.7512030      0.197      0.209
2014-03-26T12:19:31.503    49980     18.7674132     77.7512128      0.160      0.149
2014-03-26T12:19:32.494    49300     18.7643217     77.7511693      0.203      0.202
2014-03-26T12:19:33.496    51000     18.7612413     77.7511672      0.321      0.268
2014-03-26T12:19:34.496    50660     18.7581554     77.7511941      0.272      0.215
2014-03-26T12:19:35.505    51000     18.7550346     77.7511468      0.167      0.173
2014-03-26T12:19:36.502    51000     18.7519778     77.7511957      0.121      0.148
2014-03-26T12:19:37.505    50660     18.7489112     77.7511266      0.110      0.144
2014-03-26T12:19:38.507    49980     18.7458932     77.7511897      0.073      0.106
2014-03-26T12:19:39.505    49980     18.7428707     77.7512404      0.016      0.063
2014-03-26T12:19:40.499    50660     18.7398417     77.7512001      0.007      0.013
2014-03-26T12:19:41.500    51000     18.7368126     77.7512137      0.018      0.071
2014-03-26T12:19:42.501    50660     18.7337905     77.7512260      0.041      0.093
2014-03-26T12:19:43.500    50660     18.7307631     77.7512326      0.107      0.161
2014-03-26T12:19:44.498    51000     18.7277246     77.7512408      0.065      0.121
2014-03-26T12:19:45.497    51000     18.7247170     77.7512617      0.032      0.048
2014-03-26T12:19:46.496    50660     18.7217256     77.7512816      0.179      0.182
2014-03-26T12:19:47.503    51000     18.7187043     77.7512932      0.223      0.146
2014-03-26T12:19:48.501    50660     18.7156939     77.7513043      0.247      0.167
2014-03-26T12:19:49.502    51000     18.7126751     77.7513100      0.243      0.184
2014-03-26T12:19:50.501    51000     18.7096787     77.7513075      0.243      0.154
2014-03-26T12:19:51.501    51000     18.7066745     77.7513104      0.292      0.177
2014-03-26T12:19:52.500    50660     18.7036664     77.7513270      0.311      1.761
2014-03-26T12:19:53.499    51000     18.7006745     77.7513374      0.247      0.189
2014-03-26T12:19:54.499    51000     18.6976551     77.7513635      0.248      0.182
2014-03-26T12:19:55.502    49980     18.6946213     77.7513890      0.309      0.194
2014-03-26T12:19:56.498    51000     18.6915915     77.7513928      0.269      0.149
2014-03-26T12:19:57.497    51000     18.6885740     77.7513965      0.221      0.136
2014-03-26T12:19:58.497    51000     18.6856210     77.7514279      0.280      0.173
2014-03-26T12:19:59.499    51340     18.6826767     77.7514729      0.231      0.166
2014-03-26T12:20:00.502    51000     18.6797254     77.7514834      0.223      0.161
2014-03-26T12:20:01.502    51000     18.6767672     77.7514929      0.198      0.139
2014-03-26T12:20:02.498    50660     18.6738295     77.7515150      0.219      0.124
2014-03-26T12:20:03.503    50660     18.6708799     77.7515298      0.237      0.116
2014-03-26T12:20:04.500    51000     18.6679552     77.7515272      0.210      0.097
2014-03-26T12:20:05.496    50660     18.6650258     77.7515182      0.242      0.139
2014-03-26T12:20:06.497    51000     18.6620773     77.7515222      0.216      0.109
2014-03-26T12:20:07.491    51000     18.6591649     77.7516641      0.247      0.142
2014-03-26T12:20:08.502    50660     18.6561883     77.7515725      0.264      0.192
2014-03-26T12:20:09.494    51000     18.6532777     77.7515015      0.288      0.194
2014-03-26T12:20:10.498    51000     18.6503386     77.7514573      0.227      0.172
2014-03-26T12:20:11.492    51000     18.6474269     77.7514097      0.197      0.152
2014-03-26T12:20:12.498    51000     18.6444825     77.7513728      0.254      0.151
2014-03-26T12:20:13.504    51000     18.6415293     77.7514157      0.266      0.165
2014-03-26T12:20:14.495    51000     18.6386130     77.7513671      0.293      0.176
2014-03-26T12:20:15.496    51000     18.6356620     77.7513246      0.263      0.138
2014-03-26T12:20:16.498    49980     18.6326966     77.7511968      0.272      0.142
2014-03-26T12:20:17.497    51000     18.6297762     77.7511977      0.243      0.168
2014-03-26T12:20:18.475    50660     18.6269284     77.7514469      0.187      0.195
2014-03-26T12:20:19.498    49640     18.6238894     77.7513775      0.165      0.186
2014-03-26T12:20:20.508    49980     18.6208485     77.7513507      0.142      0.168
2014-03-26T12:20:21.491    49640     18.6179144     77.7511536      0.159      0.193
2014-03-26T12:20:22.490    51000     18.6149127     77.7512612      0.175      0.193
2014-03-26T12:20:23.503    50660     18.6118743     77.7511533      0.150      1.409
2014-03-26T12:20:24.503    50660     18.6088676     77.7510890      0.231      4.610
2014-03-26T12:20:25.504    50660     18.6058491     77.7510484      0.222      0.237
2014-03-26T12:20:26.503    50320     18.6028466     77.7510191      0.224      0.231
2014-03-26T12:20:27.502    50660     18.5998267     77.7509845      0.272      0.261
2014-03-26T12:20:28.502    50660     18.5968082     77.7509547      0.251      0.247
2014-03-26T12:20:29.502    50320     18.5937856     77.7508967      0.236      0.246
2014-03-26T12:20:30.502    50660     18.5907527     77.7508258      0.217      0.254
2014-03-26T12:20:31.498    51000     18.5877454     77.7507948      0.226      0.253
2014-03-26T12:20:32.497    51000     18.5847350     77.7507604      0.232      0.259
2014-03-26T12:20:33.492    49980     18.5817549     77.7507216      0.202      0.254
2014-03-26T12:20:34.500    51340     18.5787413     77.7506991      0.233      0.259
2014-03-26T12:20:35.502    51000     18.5757345     77.7506863      0.200      0.230
2014-03-26T12:20:36.502    50660     18.5727143     77.7506630      0.242      0.233
2014-03-26T12:20:37.500    50660     18.5696872     77.7506337      0.253      0.235
2014-03-26T12:20:38.504    50660     18.5666315     77.7506012      0.277      0.242
2014-03-26T12:20:39.501    50660     18.5636034     77.7505762      0.283      0.245
2014-03-26T12:20:40.499    50320     18.5605628     77.7505442      0.263      0.242
2014-03-26T12:20:41.500    50660     18.5575012     77.7505109      0.241      0.232
2014-03-26T12:20:42.498    51000     18.5544331     77.7504855      0.263      0.236
2014-03-26T12:20:43.496    50320     18.5513535     77.7504339      0.287      0.233
2014-03-26T12:20:44.493    50320     18.5483054     77.7503453      0.341      0.278
2014-03-26T12:20:45.502    50320     18.5452174     77.7502419      0.320      0.276
2014-03-26T12:20:46.501    51000     18.5421437     77.7501277      0.279      0.284
2014-03-26T12:20:47.501    50660     18.5390481     77.7500198      0.273      0.259
2014-03-26T12:20:48.501    50660     18.5359492     77.7499188      0.262      0.256
2014-03-26T12:20:49.501    51000     18.5328611     77.7498144      0.210      0.245
2014-03-26T12:20:50.500    51000     18.5297718     77.7497575      0.203      0.237
2014-03-26T12:20:51.500    51000     18.5266862     77.7497469      0.217      0.258
2014-03-26T12:20:52.500    50320     18.5236187     77.7497627      0.226      0.277
2014-03-26T12:20:53.502    50660     18.5205314     77.7497824      0.161      0.279
2014-03-26T12:20:54.500    50660     18.5174519     77.7498283      0.145      0.281
2014-03-26T12:20:55.500    50660     18.5143854     77.7498963      0.107      0.216
2014-03-26T12:20:56.497    51000     18.5113431     77.7499720      0.062      0.222
2014-03-26T12:20:57.014     1700     18.5097650     77.7500175      0.046      0.263
